#Total No. of N-Gram Types: 5461
#Total No. of N-Gram Tokens: 142697
1	7398	1	в
2	4327	1	и
3	3860	1	на
4	2291	1	не
5	2142	1	по
6	1939	1	с
7	1859	1	что
8	947	1	из
9	944	1	к
10	932	1	за
11	864	1	для
12	856	1	о
13	766	1	но
14	738	1	это
15	736	1	от
16	734	1	а
17	731	1	года
18	726	1	он
19	691	1	рбк
20	681	1	россии
21	657	1	как
22	647	1	до
23	638	1	будет
24	611	1	руб
25	596	1	его
26	595	1	млрд
27	531	1	у
28	460	1	может
29	459	1	говорит
30	442	1	году
31	408	1	то
32	399	1	компании
33	374	1	если
34	367	1	при
35	367	1	также
36	325	1	только
37	324	1	уже
38	316	1	более
39	306	1	которые
40	303	1	все
41	297	1	есть
42	297	1	их
43	293	1	банка
44	291	1	млн
45	282	1	еще
46	282	1	этом
47	273	1	том
48	262	1	этого
49	261	1	представитель
50	257	1	было
51	256	1	быть
52	254	1	словам
53	253	1	мы
54	252	1	сейчас
55	248	1	или
56	247	1	они
57	242	1	сказал
58	242	1	так
59	240	1	банк
60	240	1	во
61	236	1	был
62	233	1	сентября
63	226	1	будут
64	226	1	были
65	226	1	же
66	225	1	бы
67	225	1	об
68	224	1	после
69	217	1	ее
70	209	1	того
71	205	1	время
72	205	1	под
73	202	1	который
74	197	1	могут
75	188	1	считает
76	187	1	чем
77	185	1	со
78	183	1	компания
79	183	1	цб
80	181	1	около
81	180	1	источник
82	179	1	заявил
83	177	1	украины
84	174	1	чтобы
85	172	1	пока
86	171	1	тыс
87	170	1	власти
88	169	1	лет
89	165	1	россия
90	160	1	стороны
91	159	1	год
92	157	1	она
93	156	1	даже
94	156	1	этот
95	154	1	вопрос
96	154	1	всего
97	151	1	банков
98	151	1	российских
99	147	1	можно
100	146	1	решение
101	144	1	банки
102	142	1	президент
103	142	1	санкций
104	141	1	два
105	140	1	нет
106	140	1	президента
107	140	1	системы
108	138	1	один
109	135	1	однако
110	135	1	рост
111	134	1	когда
112	133	1	случае
113	132	1	против
114	131	1	санкции
115	131	1	сообщил
116	129	1	правительства
117	127	1	компаний
118	126	1	ли
119	126	1	отмечает
120	126	1	этой
121	125	1	капитала
122	123	1	них
123	123	1	развития
124	123	1	ранее
125	123	1	сша
126	123	1	числе
127	121	1	всех
128	120	1	акций
129	120	1	я
130	119	1	больше
131	117	1	эти
132	116	1	счет
133	116	1	через
134	115	1	тем
135	114	1	без
136	113	1	александр
137	113	1	которая
138	113	1	несколько
139	113	1	поэтому
140	112	1	владимир
141	112	1	очень
142	112	1	этих
143	111	1	бюджета
144	110	1	комитета
145	109	1	близкий
146	108	1	должны
147	108	1	правительство
148	107	1	ситуации
149	106	1	была
150	106	1	между
151	106	1	например
152	105	1	газа
153	105	1	данным
154	105	1	ни
155	105	1	роста
156	104	1	августа
157	103	1	акции
158	103	1	бизнес
159	103	1	рассказал
160	103	1	часть
161	102	1	партии
162	102	1	средств
163	101	1	глава
164	101	1	страны
165	100	1	втб
166	99	1	башнефти
167	99	1	система
168	98	1	которых
169	98	1	рынке
170	97	1	т
171	96	1	фонда
172	95	1	директор
173	95	1	кроме
174	94	1	пресс
175	93	1	российской
176	93	1	рынка
177	93	1	является
178	92	1	области
179	92	1	тогда
180	92	1	цен
181	91	1	где
182	91	1	должен
183	91	1	проект
184	91	1	роснефти
185	91	1	российские
186	90	1	андрей
187	90	1	возможность
188	90	1	ему
189	90	1	почти
190	89	1	выборах
191	89	1	премьер
192	89	1	путина
193	88	1	свои
194	88	1	собеседник
195	88	1	экономики
196	87	1	говорил
197	87	1	раз
198	86	1	им
199	86	1	москвы
200	86	1	новых
201	86	1	порошенко
202	86	1	российского
203	86	1	совета
204	86	1	средства
205	86	1	такой
206	84	1	алексей
207	84	1	евтушенкова
208	84	1	закон
209	84	1	нужно
210	84	1	три
211	83	1	говорится
212	83	1	деньги
213	83	1	суд
214	83	1	человек
215	82	1	вице
216	82	1	другие
217	82	1	других
218	82	1	начале
219	82	1	эксперты
220	81	1	налога
221	81	1	сергей
222	81	1	части
223	80	1	другой
224	79	1	согласно
225	78	1	первый
226	78	1	поскольку
227	78	1	условиях
228	77	1	идет
229	77	1	минэкономразвития
230	77	1	своих
231	76	1	свою
232	76	1	эксперт
233	75	1	аналитик
234	75	1	вчера
235	75	1	дело
236	75	1	кто
237	75	1	стал
238	75	1	тех
239	75	1	центра
240	74	1	возможно
241	74	1	законопроект
242	74	1	которой
243	74	1	лишь
244	74	1	путин
245	73	1	мечела
246	73	1	минфин
247	73	1	ставки
248	72	1	директоров
249	72	1	единой
250	71	1	именно
251	71	1	конце
252	71	1	нефти
253	71	1	работы
254	71	1	украине
255	71	1	хотя
256	70	1	главный
257	70	1	него
258	70	1	продаж
259	69	1	бизнеса
260	69	1	менее
261	69	1	мнению
262	69	1	нас
263	69	1	начала
264	68	1	итогам
265	68	1	одного
266	68	1	отношении
267	68	1	п
268	68	1	период
269	68	1	представители
270	68	1	считают
271	68	1	эта
272	67	1	двух
273	67	1	дела
274	67	1	которого
275	67	1	либо
276	67	1	ситуация
277	67	1	фонд
278	66	1	инфляции
279	66	1	качестве
280	66	1	проекта
281	66	1	следует
282	66	1	уровне
283	65	1	потому
284	65	1	председатель
285	65	1	пятницу
286	65	1	регионов
287	65	1	решения
288	65	1	рынок
289	64	1	swift
290	64	1	активов
291	64	1	новые
292	64	1	одной
293	64	1	организации
294	64	1	теперь
295	64	1	территории
296	64	1	цены
297	63	1	газпром
298	63	1	группы
299	63	1	капитал
300	63	1	москве
301	63	1	над
302	63	1	стать
303	63	1	таких
304	62	1	августе
305	62	1	госдумы
306	62	1	должна
307	62	1	речь
308	61	1	афк
309	61	1	выборов
310	61	1	газпрома
311	61	1	крыма
312	61	1	м
313	61	1	меньше
314	61	1	системе
315	60	1	бюджет
316	60	1	зрения
317	60	1	игорь
318	60	1	первом
319	60	1	правительстве
320	60	1	скорее
321	60	1	течение
322	60	1	топ
323	60	1	эту
324	59	1	роснефть
325	59	1	связи
326	59	1	сегодня
327	59	1	сми
328	58	1	дмитрий
329	58	1	составляет
330	58	1	стали
331	58	1	там
332	57	1	депутатов
333	57	1	июля
334	57	1	неделе
335	57	1	отказался
336	57	1	работать
337	57	1	руководитель
338	57	1	срок
339	57	1	стоимость
340	56	1	деятельности
341	56	1	иностранных
342	56	1	нефть
343	56	1	объем
344	56	1	председателя
345	56	1	стало
346	56	1	строительство
347	56	1	частности
348	55	1	владимира
349	55	1	информации
350	55	1	конца
351	55	1	михаил
352	55	1	поставок
353	55	1	проектов
354	55	1	сам
355	54	1	годы
356	54	1	действия
357	54	1	депутат
358	54	1	закона
359	54	1	мира
360	54	1	несмотря
361	54	1	образом
362	54	1	пояснил
363	54	1	придется
364	54	1	ржд
365	54	1	рубля
366	54	1	сделки
367	54	1	сможет
368	54	1	стран
369	53	1	ввп
370	53	1	евтушенков
371	53	1	июле
372	53	1	минфина
373	53	1	надо
374	53	1	последние
375	53	1	право
376	53	1	российский
377	53	1	таким
378	52	1	выборы
379	52	1	месяцев
380	52	1	пакет
381	52	1	предложения
382	52	1	результате
383	52	1	уровня
384	52	1	участников
385	52	1	четверг
386	51	1	готовы
387	51	1	комитет
388	51	1	кредитам
389	51	1	кредитов
390	51	1	министр
391	51	1	ним
392	51	1	практически
393	51	1	рамках
394	51	1	экономист
395	50	1	возможности
396	50	1	голосования
397	50	1	государства
398	50	1	день
399	50	1	добавляет
400	50	1	достаточно
401	50	1	объясняет
402	50	1	политики
403	50	1	предполагает
404	50	1	проблемы
405	50	1	продажи
406	50	1	проекты
407	50	1	работу
408	50	1	регионах
409	50	1	россией
410	50	1	цена
411	49	1	bank
412	49	1	вариант
413	49	1	доля
414	49	1	ес
415	49	1	примерно
416	49	1	расходы
417	48	1	вторник
418	48	1	первого
419	48	1	переговоры
420	48	1	перед
421	48	1	поставки
422	48	1	сравнению
423	48	1	суда
424	48	1	украину
425	47	1	днр
426	47	1	комментариев
427	47	1	получить
428	47	1	экономического
429	46	1	денег
430	46	1	долга
431	46	1	заседании
432	46	1	клиентов
433	46	1	новый
434	46	1	отметил
435	46	1	позволит
436	46	1	своего
437	46	1	сделать
438	46	1	снижение
439	46	1	такие
440	46	1	ходе
441	46	1	цене
442	45	1	активы
443	45	1	вместе
444	45	1	лиц
445	45	1	находится
446	45	1	олег
447	45	1	предложение
448	45	1	прогноз
449	45	1	прошлой
450	45	1	россию
451	45	1	составил
452	45	1	тому
453	45	1	точки
454	45	1	условия
455	45	1	участие
456	45	1	целом
457	44	1	годах
458	44	1	долю
459	44	1	имеет
460	44	1	меры
461	44	1	очередь
462	44	1	повышения
463	44	1	полагает
464	44	1	полностью
465	44	1	рф
466	44	1	своем
467	44	1	среду
468	44	1	тот
469	44	1	федерального
470	44	1	фракции
471	44	1	этим
472	43	1	группа
473	43	1	инвесторов
474	43	1	москва
475	43	1	некоторые
476	43	1	нефтяной
477	43	1	поддержки
478	43	1	спг
479	43	1	среди
480	43	1	сумма
481	43	1	трлн
482	42	1	большинство
483	42	1	всегда
484	42	1	второй
485	42	1	использовать
486	42	1	нато
487	42	1	подтвердил
488	42	1	расходов
489	42	1	службы
490	42	1	ставок
491	42	1	стоит
492	42	1	те
493	42	1	трех
494	42	1	чиновник
495	41	1	банке
496	41	1	известно
497	41	1	инвестиций
498	41	1	многие
499	41	1	московской
500	41	1	назад
501	41	1	оппозиции
502	41	1	план
503	41	1	предлагает
504	41	1	президентом
505	41	1	просто
506	41	1	раза
507	41	1	руководство
508	41	1	удалось
509	41	1	управления
510	41	1	уровень
511	41	1	этому
512	40	1	башнефть
513	40	1	времени
514	40	1	говорить
515	40	1	говорят
516	40	1	годов
517	40	1	запрос
518	40	1	конфликта
519	40	1	кредиты
520	40	1	крупных
521	40	1	налоговой
522	40	1	оно
523	40	1	основной
524	40	1	работает
525	40	1	сайте
526	40	1	себя
527	40	1	список
528	39	1	s
529	39	1	агентства
530	39	1	введение
531	39	1	дня
532	39	1	должно
533	39	1	избирателей
534	39	1	контроль
535	39	1	которое
536	39	1	которую
537	39	1	кредит
538	39	1	кризиса
539	39	1	министра
540	39	1	понедельник
541	39	1	своей
542	39	1	систему
543	39	1	сообщила
544	39	1	такое
545	39	1	увеличение
546	39	1	финансовых
547	39	1	экономической
548	38	1	бирже
549	38	1	вопросы
550	38	1	выше
551	38	1	деятельность
552	38	1	которым
553	38	1	кпрф
554	38	1	огня
555	38	1	политолог
556	38	1	пор
557	38	1	предприятий
558	38	1	прежде
559	38	1	риски
560	38	1	сбербанка
561	38	1	сразу
562	38	1	ставку
563	38	1	такого
564	38	1	утверждает
565	37	1	валюте
566	37	1	вы
567	37	1	государство
568	37	1	доли
569	37	1	здесь
570	37	1	изменения
571	37	1	какие
572	37	1	компаниям
573	37	1	кремлю
574	37	1	лнр
575	37	1	операции
576	37	1	основе
577	37	1	падение
578	37	1	реализации
579	37	1	сообщили
580	37	1	торгов
581	37	1	указывает
582	37	1	украина
583	37	1	экспорта
584	36	1	альфа
585	36	1	арест
586	36	1	вряд
587	36	1	главы
588	36	1	комиссии
589	36	1	крым
590	36	1	куб
591	36	1	могли
592	36	1	момент
593	36	1	нее
594	36	1	ограничения
595	36	1	получила
596	36	1	прибыль
597	36	1	приходится
598	36	1	размер
599	36	1	руководству
600	36	1	свой
601	36	1	ситуацию
602	36	1	уголовного
603	36	1	украинских
604	36	1	уточнил
605	36	1	финансирования
606	36	1	число
607	36	1	экс
608	35	1	акционеров
609	35	1	банкам
610	35	1	большой
611	35	1	введения
612	35	1	встречи
613	35	1	газ
614	35	1	готов
615	35	1	инвестиции
616	35	1	интервью
617	35	1	иск
618	35	1	источника
619	35	1	источники
620	35	1	китай
621	35	1	наиболее
622	35	1	населения
623	35	1	поддержку
624	35	1	политике
625	35	1	снижения
626	35	1	совет
627	35	1	сумму
628	35	1	тоже
629	35	1	финансирование
630	35	1	член
631	34	1	валюты
632	34	1	данные
633	34	1	действительно
634	34	1	дмитрия
635	34	1	добавил
636	34	1	документ
637	34	1	долг
638	34	1	завода
639	34	1	итоге
640	34	1	квартале
641	34	1	котором
642	34	1	мечел
643	34	1	много
644	34	1	налогов
645	34	1	некоторых
646	34	1	необходимо
647	34	1	ниже
648	34	1	нового
649	34	1	отношения
650	34	1	партия
651	34	1	позиции
652	34	1	путем
653	34	1	региона
654	34	1	рспп
655	34	1	силу
656	34	1	стране
657	34	1	строительства
658	34	1	украинский
659	34	1	чиновники
660	33	1	ofac
661	33	1	встрече
662	33	1	дел
663	33	1	заместитель
664	33	1	информацию
665	33	1	кандидатов
666	33	1	крыму
667	33	1	людей
668	33	1	остается
669	33	1	отношений
670	33	1	продаже
671	33	1	производства
672	33	1	развитие
673	33	1	размере
674	33	1	региональных
675	33	1	результаты
676	33	1	республики
677	33	1	росту
678	33	1	свое
679	33	1	себе
680	33	1	стала
681	33	1	счета
682	33	1	технологий
683	33	1	товаров
684	32	1	utair
685	32	1	виде
686	32	1	востоке
687	32	1	граждан
688	32	1	евро
689	32	1	июне
690	32	1	конечно
691	32	1	место
692	32	1	месторождения
693	32	1	нам
694	32	1	общей
695	32	1	объемы
696	32	1	основном
697	32	1	основные
698	32	1	пользу
699	32	1	премьера
700	32	1	прошлого
701	32	1	прошлом
702	32	1	российским
703	32	1	слишком
704	32	1	совещании
705	32	1	создание
706	32	1	создать
707	32	1	сотрудник
708	32	1	станет
709	32	1	стоимости
710	32	1	существенно
711	32	1	сценарий
712	32	1	увеличить
713	32	1	услуг
714	32	1	участники
715	32	1	фактически
716	31	1	бывший
717	31	1	всей
718	31	1	деле
719	31	1	донбасса
720	31	1	крайне
721	31	1	крупные
722	31	1	курс
723	31	1	люди
724	31	1	менеджер
725	31	1	министерства
726	31	1	ней
727	31	1	ополченцы
728	31	1	ответил
729	31	1	пенсии
730	31	1	первых
731	31	1	повышение
732	31	1	правила
733	31	1	правления
734	31	1	предприятия
735	31	1	пять
736	31	1	российском
737	31	1	ряд
738	31	1	санкт
739	31	1	силы
740	31	1	спрос
741	31	1	ст
742	31	1	статус
743	31	1	уверен
744	31	1	финансов
745	31	1	четыре
746	30	1	of
747	30	1	ареста
748	30	1	асв
749	30	1	властей
750	30	1	вообще
751	30	1	впервые
752	30	1	вполне
753	30	1	голосов
754	30	1	дополнительные
755	30	1	доходов
756	30	1	игоря
757	30	1	имеют
758	30	1	имущества
759	30	1	инфляция
760	30	1	кредитования
761	30	1	луганской
762	30	1	мог
763	30	1	ндс
764	30	1	одна
765	30	1	означает
766	30	1	органов
767	30	1	органы
768	30	1	палаты
769	30	1	партнер
770	30	1	первое
771	30	1	переговоров
772	30	1	планируется
773	30	1	приведет
774	30	1	привести
775	30	1	рассказали
776	30	1	режима
777	30	1	роль
778	30	1	санкциями
779	30	1	сечин
780	30	1	служба
781	30	1	состав
782	30	1	составит
783	30	1	суммы
784	30	1	украинского
785	30	1	участия
786	30	1	х
787	29	1	автомобилей
788	29	1	агентство
789	29	1	активно
790	29	1	алроса
791	29	1	банковской
792	29	1	безопасности
793	29	1	войны
794	29	1	депутата
795	29	1	дней
796	29	1	донецкой
797	29	1	европе
798	29	1	запрет
799	29	1	идея
800	29	1	лицензии
801	29	1	марте
802	29	1	мире
803	29	1	московского
804	29	1	нем
805	29	1	октября
806	29	1	первой
807	29	1	поводу
808	29	1	позицию
809	29	1	политических
810	29	1	помимо
811	29	1	последний
812	29	1	предоставить
813	29	1	республик
814	29	1	решений
815	29	1	российская
816	29	1	секретарь
817	29	1	смогут
818	29	1	сокращение
819	29	1	сфере
820	29	1	финансового
821	28	1	ru
822	28	1	вкладов
823	28	1	втором
824	28	1	выросли
825	28	1	гендиректор
826	28	1	границы
827	28	1	заемщиков
828	28	1	законопроекта
829	28	1	зампред
830	28	1	западных
831	28	1	затем
832	28	1	института
833	28	1	компанию
834	28	1	медведева
835	28	1	найти
836	28	1	накануне
837	28	1	накопительной
838	28	1	налог
839	28	1	национального
840	28	1	недели
841	28	1	объяснил
842	28	1	отчетности
843	28	1	полномочий
844	28	1	полугодии
845	28	1	получили
846	28	1	пост
847	28	1	раньше
848	28	1	рубль
849	28	1	следствия
850	28	1	снг
851	28	1	сообщении
852	28	1	соответственно
853	28	1	сотрудников
854	28	1	сп
855	28	1	сроки
856	28	1	фас
857	28	1	финансовой
858	28	1	фнб
859	28	1	форуме
860	28	1	экспорт
861	27	1	апреле
862	27	1	ведомства
863	27	1	ведомство
864	27	1	вместо
865	27	1	вокруг
866	27	1	госдуму
867	27	1	какой
868	27	1	касается
869	27	1	мае
870	27	1	меня
871	27	1	мер
872	27	1	месяц
873	27	1	митрофанова
874	27	1	момента
875	27	1	мосгордумы
876	27	1	национальной
877	27	1	нельзя
878	27	1	ничего
879	27	1	обсуждения
880	27	1	объема
881	27	1	отрасли
882	27	1	пенсионных
883	27	1	планирует
884	27	1	политику
885	27	1	получил
886	27	1	помощь
887	27	1	привлечения
888	27	1	принадлежит
889	27	1	регионы
890	27	1	решить
891	27	1	рынках
892	27	1	сложности
893	27	1	уголовное
894	27	1	ук
895	27	1	участвовать
896	27	1	учетом
897	27	1	членов
898	26	1	апреля
899	26	1	башкирии
900	26	1	ближайшее
901	26	1	быстро
902	26	1	валютные
903	26	1	весь
904	26	1	вшэ
905	26	1	годовых
906	26	1	гораздо
907	26	1	действий
908	26	1	делу
909	26	1	десять
910	26	1	единая
911	26	1	знакомый
912	26	1	инфраструктуры
913	26	1	кремля
914	26	1	месяца
915	26	1	нагрузки
916	26	1	необходимости
917	26	1	никаких
918	26	1	округе
919	26	1	организаций
920	26	1	плана
921	26	1	плюс
922	26	1	принято
923	26	1	проводить
924	26	1	промышленности
925	26	1	результат
926	26	1	рисков
927	26	1	сами
928	26	1	сколько
929	26	1	событий
930	26	1	той
931	26	1	требования
932	26	1	хотят
933	25	1	cls
934	25	1	администрации
935	25	1	аналитики
936	25	1	антон
937	25	1	банками
938	25	1	банках
939	25	1	банку
940	25	1	бкс
941	25	1	вести
942	25	1	города
943	25	1	доллар
944	25	1	замминистра
945	25	1	заседание
946	25	1	кампании
947	25	1	крупнейших
948	25	1	курса
949	25	1	леонид
950	25	1	летом
951	25	1	линии
952	25	1	медведев
953	25	1	новости
954	25	1	особенно
955	25	1	первую
956	25	1	политической
957	25	1	полномочия
958	25	1	поясняет
959	25	1	превышает
960	25	1	прежнему
961	25	1	принять
962	25	1	проекте
963	25	1	процесс
964	25	1	резко
965	25	1	россиян
966	25	1	рынков
967	25	1	своим
968	25	1	связанные
969	25	1	следствие
970	25	1	собой
971	25	1	ссылкой
972	25	1	статусе
973	25	1	сторон
974	25	1	украиной
975	25	1	характер
976	25	1	являются
977	24	1	ассоциации
978	24	1	бюджете
979	24	1	валютных
980	24	1	всем
981	24	1	высокой
982	24	1	делать
983	24	1	департамента
984	24	1	договорились
985	24	1	доступ
986	24	1	имущество
987	24	1	интерфакс
988	24	1	кандидаты
989	24	1	км
990	24	1	концу
991	24	1	лдпр
992	24	1	менять
993	24	1	нико
994	24	1	новой
995	24	1	оборудования
996	24	1	обсе
997	24	1	одним
998	24	1	оказался
999	24	1	отсутствие
1000	24	1	политические
1001	24	1	помощи
1002	24	1	поставку
1003	24	1	прав
1004	24	1	правда
1005	24	1	приватизации
1006	24	1	проблем
1007	24	1	проблема
1008	24	1	рассуждает
1009	24	1	регионе
1010	24	1	риск
1011	24	1	сама
1012	24	1	самого
1013	24	1	сделку
1014	24	1	сектора
1015	24	1	суде
1016	24	1	торговли
1017	24	1	условий
1018	24	1	финансовые
1019	24	1	ходорковский
1020	24	1	человека
1021	24	1	экономике
1022	23	1	bloomberg
1023	23	1	fesco
1024	23	1	rusal
1025	23	1	uc
1026	23	1	баррель
1027	23	1	бизнесмена
1028	23	1	валюту
1029	23	1	вечером
1030	23	1	влияние
1031	23	1	впрочем
1032	23	1	две
1033	23	1	декабря
1034	23	1	депутаты
1035	23	1	дивиденды
1036	23	1	импорт
1037	23	1	константин
1038	23	1	месторождений
1039	23	1	наблюдателей
1040	23	1	никто
1041	23	1	ними
1042	23	1	общества
1043	23	1	общий
1044	23	1	объявил
1045	23	1	осаго
1046	23	1	основного
1047	23	1	отказаться
1048	23	1	пакета
1049	23	1	порядка
1050	23	1	потом
1051	23	1	привлечь
1052	23	1	причем
1053	23	1	пришлось
1054	23	1	рассказывает
1055	23	1	ресурсов
1056	23	1	роснано
1057	23	1	саммите
1058	23	1	сил
1059	23	1	службе
1060	23	1	создания
1061	23	1	статуса
1062	23	1	столько
1063	23	1	факт
1064	23	1	форума
1065	23	1	чего
1066	23	1	чуть
1067	23	1	шесть
1068	23	1	шос
1069	23	1	экономика
1070	23	1	юкоса
1071	22	1	алексея
1072	22	1	бумаги
1073	22	1	ввести
1074	22	1	весной
1075	22	1	внешних
1076	22	1	вот
1077	22	1	губернатора
1078	22	1	должности
1079	22	1	домашний
1080	22	1	журналистам
1081	22	1	залог
1082	22	1	заявление
1083	22	1	инвесторы
1084	22	1	исходя
1085	22	1	китая
1086	22	1	количество
1087	22	1	компанией
1088	22	1	конец
1089	22	1	контроля
1090	22	1	легализации
1091	22	1	лидер
1092	22	1	машин
1093	22	1	минэнерго
1094	22	1	настоящее
1095	22	1	необходимость
1096	22	1	новым
1097	22	1	нпф
1098	22	1	одном
1099	22	1	октябре
1100	22	1	операций
1101	22	1	организация
1102	22	1	оск
1103	22	1	отказались
1104	22	1	первые
1105	22	1	перспективы
1106	22	1	позиция
1107	22	1	политического
1108	22	1	половины
1109	22	1	поправки
1110	22	1	последнее
1111	22	1	предлагается
1112	22	1	предпринимателей
1113	22	1	примеру
1114	22	1	принял
1115	22	1	провести
1116	22	1	продукции
1117	22	1	регистрации
1118	22	1	реструктуризации
1119	22	1	российскими
1120	22	1	российскую
1121	22	1	самых
1122	22	1	связано
1123	22	1	соглашение
1124	22	1	спроса
1125	22	1	степени
1126	22	1	такая
1127	22	1	украинской
1128	22	1	фоне
1129	22	1	цель
1130	22	1	шохин
1131	21	1	mercedes
1132	21	1	авиакомпании
1133	21	1	большая
1134	21	1	версии
1135	21	1	влияния
1136	21	1	военных
1137	21	1	выглядит
1138	21	1	геополитической
1139	21	1	говорили
1140	21	1	группу
1141	21	1	документа
1142	21	1	доллара
1143	21	1	другим
1144	21	1	другими
1145	21	1	ей
1146	21	1	завод
1147	21	1	защиты
1148	21	1	значит
1149	21	1	зюзина
1150	21	1	иметь
1151	21	1	й
1152	21	1	кого
1153	21	1	комментировать
1154	21	1	лукойл
1155	21	1	механизм
1156	21	1	михаила
1157	21	1	начать
1158	21	1	невозможно
1159	21	1	нескольких
1160	21	1	нынешних
1161	21	1	обеспечить
1162	21	1	областей
1163	21	1	особом
1164	21	1	особый
1165	21	1	письмо
1166	21	1	политика
1167	21	1	почему
1168	21	1	программы
1169	21	1	продолжает
1170	21	1	расти
1171	21	1	рахимова
1172	21	1	решил
1173	21	1	риа
1174	21	1	самой
1175	21	1	середине
1176	21	1	соглашения
1177	21	1	среднем
1178	21	1	такую
1179	21	1	татар
1180	21	1	финансово
1181	21	1	хорошо
1182	21	1	числа
1183	21	1	эффект
1184	21	1	юрий
1185	20	1	акционерам
1186	20	1	благодаря
1187	20	1	видимо
1188	20	1	внутри
1189	20	1	вторых
1190	20	1	голос
1191	20	1	да
1192	20	1	дефицит
1193	20	1	дивидендов
1194	20	1	долгов
1195	20	1	должность
1196	20	1	европейских
1197	20	1	заявила
1198	20	1	заявлял
1199	20	1	итар
1200	20	1	кандидата
1201	20	1	киев
1202	20	1	кризис
1203	20	1	лучше
1204	20	1	министерство
1205	20	1	многих
1206	20	1	можем
1207	20	1	направлении
1208	20	1	ндфл
1209	20	1	нему
1210	20	1	никогда
1211	20	1	облигаций
1212	20	1	обсуждение
1213	20	1	общая
1214	20	1	округ
1215	20	1	основным
1216	20	1	основных
1217	20	1	ответ
1218	20	1	официальный
1219	20	1	петербурге
1220	20	1	показатель
1221	20	1	понятно
1222	20	1	постановления
1223	20	1	представителей
1224	20	1	пресечения
1225	20	1	продать
1226	20	1	пунктов
1227	20	1	работа
1228	20	1	равно
1229	20	1	рассмотрение
1230	20	1	рассчитывать
1231	20	1	российско
1232	20	1	самый
1233	20	1	сбербанк
1234	20	1	сделок
1235	20	1	сложно
1236	20	1	см
1237	20	1	смогли
1238	20	1	совсем
1239	20	1	составлял
1240	20	1	старший
1241	20	1	сторону
1242	20	1	страна
1243	20	1	субботу
1244	20	1	тасс
1245	20	1	требует
1246	20	1	учитывая
1247	20	1	федеральный
1248	20	1	фондов
1249	20	1	центр
1250	20	1	цитата
1251	20	1	чиновников
1252	20	1	января
1253	19	1	group
1254	19	1	альянса
1255	19	1	бизнесмен
1256	19	1	будем
1257	19	1	вводить
1258	19	1	власть
1259	19	1	вновь
1260	19	1	воскресенье
1261	19	1	губернаторов
1262	19	1	достаточности
1263	19	1	европы
1264	19	1	жкх
1265	19	1	зависит
1266	19	1	заимствований
1267	19	1	законодательства
1268	19	1	знает
1269	19	1	инфляцию
1270	19	1	информация
1271	19	1	исключает
1272	19	1	киева
1273	19	1	компенсации
1274	19	1	кредитных
1275	19	1	лидеров
1276	19	1	назвал
1277	19	1	начали
1278	19	1	нашей
1279	19	1	новороссии
1280	19	1	ноября
1281	19	1	общего
1282	19	1	ограничений
1283	19	1	освоения
1284	19	1	открытие
1285	19	1	партнеры
1286	19	1	пенсионной
1287	19	1	первым
1288	19	1	петербурга
1289	19	1	планы
1290	19	1	повышать
1291	19	1	подтверждает
1292	19	1	позволяет
1293	19	1	получит
1294	19	1	портфель
1295	19	1	последствия
1296	19	1	потребителей
1297	19	1	права
1298	19	1	правительством
1299	19	1	претензии
1300	19	1	проверки
1301	19	1	произошло
1302	19	1	процесса
1303	19	1	путину
1304	19	1	путиным
1305	19	1	пытаются
1306	19	1	работе
1307	19	1	расчеты
1308	19	1	ренессанс
1309	19	1	решено
1310	19	1	розничных
1311	19	1	ряда
1312	19	1	саммита
1313	19	1	самолетов
1314	19	1	самопровозглашенных
1315	19	1	свободы
1316	19	1	сих
1317	19	1	следственного
1318	19	1	собирается
1319	19	1	спикер
1320	19	1	странах
1321	19	1	страхования
1322	19	1	транснефти
1323	19	1	участием
1324	19	1	ходорковского
1325	19	1	юго
1326	19	1	юрист
1327	18	1	акцию
1328	18	1	базе
1329	18	1	бюро
1330	18	1	вагонов
1331	18	1	важно
1332	18	1	валерий
1333	18	1	внимание
1334	18	1	вопросам
1335	18	1	востока
1336	18	1	всю
1337	18	1	выплаты
1338	18	1	вырос
1339	18	1	высокий
1340	18	1	газета
1341	18	1	генеральный
1342	18	1	давно
1343	18	1	дальше
1344	18	1	данных
1345	18	1	действие
1346	18	1	добычи
1347	18	1	договоренности
1348	18	1	доходы
1349	18	1	евгений
1350	18	1	евросоюза
1351	18	1	зависимости
1352	18	1	задача
1353	18	1	запада
1354	18	1	зарубежных
1355	18	1	изменений
1356	18	1	импорта
1357	18	1	истории
1358	18	1	история
1359	18	1	исэпи
1360	18	1	каждый
1361	18	1	кредиторов
1362	18	1	кредиторы
1363	18	1	мере
1364	18	1	мне
1365	18	1	налоговых
1366	18	1	напоминает
1367	18	1	насколько
1368	18	1	наших
1369	18	1	нефтяных
1370	18	1	новая
1371	18	1	новое
1372	18	1	новую
1373	18	1	округах
1374	18	1	онф
1375	18	1	основная
1376	18	1	ответственности
1377	18	1	отделения
1378	18	1	относительно
1379	18	1	оценивает
1380	18	1	пенсионного
1381	18	1	платить
1382	18	1	поддерживает
1383	18	1	поддержке
1384	18	1	полугодие
1385	18	1	понять
1386	18	1	правило
1387	18	1	предправления
1388	18	1	прекращение
1389	18	1	прекращении
1390	18	1	принят
1391	18	1	проведения
1392	18	1	происходит
1393	18	1	развитию
1394	18	1	расследования
1395	18	1	рассчитывает
1396	18	1	резервов
1397	18	1	рейтинг
1398	18	1	реформы
1399	18	1	рублях
1400	18	1	сергея
1401	18	1	силуанов
1402	18	1	скр
1403	18	1	слова
1404	18	1	собеседников
1405	18	1	составе
1406	18	1	составить
1407	18	1	сочи
1408	18	1	ставка
1409	18	1	структуры
1410	18	1	тарифы
1411	18	1	темпы
1412	18	1	техники
1413	18	1	федерации
1414	18	1	формально
1415	18	1	цели
1416	18	1	целью
1417	17	1	авторов
1418	17	1	адвокат
1419	17	1	американских
1420	17	1	андреев
1421	17	1	андрея
1422	17	1	арбитражный
1423	17	1	банком
1424	17	1	близких
1425	17	1	большую
1426	17	1	будущем
1427	17	1	бумаг
1428	17	1	бывшего
1429	17	1	варианты
1430	17	1	вернуть
1431	17	1	вклады
1432	17	1	включая
1433	17	1	владимиром
1434	17	1	вопроса
1435	17	1	восемь
1436	17	1	выросла
1437	17	1	газпромбанка
1438	17	1	гражданского
1439	17	1	гражданской
1440	17	1	дать
1441	17	1	движения
1442	17	1	добиться
1443	17	1	документе
1444	17	1	долларах
1445	17	1	донбассе
1446	17	1	дополнительно
1447	17	1	дополнительных
1448	17	1	доход
1449	17	1	другого
1450	17	1	думаю
1451	17	1	единороссов
1452	17	1	ждать
1453	17	1	закону
1454	17	1	иска
1455	17	1	июня
1456	17	1	каких
1457	17	1	коломойского
1458	17	1	комплекса
1459	17	1	кредитной
1460	17	1	кремле
1461	17	1	левин
1462	17	1	леонида
1463	17	1	ликвидности
1464	17	1	мало
1465	17	1	мнения
1466	17	1	могла
1467	17	1	москву
1468	17	1	налоговые
1469	17	1	напрямую
1470	17	1	нарушения
1471	17	1	находятся
1472	17	1	начальник
1473	17	1	независимости
1474	17	1	николай
1475	17	1	ннк
1476	17	1	норникеля
1477	17	1	обязательств
1478	17	1	одно
1479	17	1	оказаться
1480	17	1	ослабление
1481	17	1	отдельных
1482	17	1	отношениях
1483	17	1	партий
1484	17	1	половине
1485	17	1	положение
1486	17	1	появилась
1487	17	1	правительству
1488	17	1	предложил
1489	17	1	принятия
1490	17	1	проведение
1491	17	1	районов
1492	17	1	растет
1493	17	1	режим
1494	17	1	риска
1495	17	1	росберга
1496	17	1	российское
1497	17	1	рубежом
1498	17	1	рынки
1499	17	1	сборов
1500	17	1	сделка
1501	17	1	сентябре
1502	17	1	следующем
1503	17	1	смог
1504	17	1	события
1505	17	1	соглашается
1506	17	1	создании
1507	17	1	соответствии
1508	17	1	составила
1509	17	1	составили
1510	17	1	срока
1511	17	1	становится
1512	17	1	страховой
1513	17	1	сценарию
1514	17	1	считать
1515	17	1	тарифов
1516	17	1	трудно
1517	17	1	улюкаев
1518	17	1	уточняет
1519	17	1	ущерба
1520	17	1	хочет
1521	17	1	экономических
1522	16	1	capital
1523	16	1	rcb
1524	16	1	абэ
1525	16	1	алеппо
1526	16	1	ближайшие
1527	16	1	блоке
1528	16	1	большим
1529	16	1	борьбе
1530	16	1	вадим
1531	16	1	вероятно
1532	16	1	взаимодействия
1533	16	1	владеет
1534	16	1	военные
1535	16	1	вопросов
1536	16	1	входит
1537	16	1	входят
1538	16	1	выручка
1539	16	1	государственной
1540	16	1	групп
1541	16	1	группе
1542	16	1	губернатор
1543	16	1	д
1544	16	1	деловой
1545	16	1	директора
1546	16	1	довольно
1547	16	1	докладе
1548	16	1	доступа
1549	16	1	европейские
1550	16	1	евтушенкову
1551	16	1	жизни
1552	16	1	западные
1553	16	1	заседания
1554	16	1	значительно
1555	16	1	интерес
1556	16	1	ирана
1557	16	1	источников
1558	16	1	контракта
1559	16	1	коррупции
1560	16	1	которому
1561	16	1	кредита
1562	16	1	кредитный
1563	16	1	мандатов
1564	16	1	марта
1565	16	1	международных
1566	16	1	мера
1567	16	1	моя
1568	16	1	налоги
1569	16	1	никакого
1570	16	1	нпз
1571	16	1	нужна
1572	16	1	оао
1573	16	1	облигации
1574	16	1	обращения
1575	16	1	объемов
1576	16	1	ограничение
1577	16	1	одному
1578	16	1	окончательно
1579	16	1	опрошенные
1580	16	1	особого
1581	16	1	оставшиеся
1582	16	1	ответственность
1583	16	1	отказ
1584	16	1	отмечают
1585	16	1	оттока
1586	16	1	очевидно
1587	16	1	парламент
1588	16	1	парламента
1589	16	1	перспективе
1590	16	1	пишет
1591	16	1	платежей
1592	16	1	покупке
1593	16	1	помощью
1594	16	1	потери
1595	16	1	правилам
1596	16	1	предложений
1597	16	1	предполагается
1598	16	1	президенту
1599	16	1	приводит
1600	16	1	просьбой
1601	16	1	пункта
1602	16	1	ра
1603	16	1	работают
1604	16	1	районе
1605	16	1	рассмотреть
1606	16	1	расчетов
1607	16	1	самом
1608	16	1	сказали
1609	16	1	совещания
1610	16	1	сохранение
1611	16	1	сохранить
1612	16	1	страховых
1613	16	1	технологии
1614	16	1	тихомиров
1615	16	1	требований
1616	16	1	третий
1617	16	1	убытки
1618	16	1	убыток
1619	16	1	увеличения
1620	16	1	уралсиб
1621	16	1	федеральной
1622	16	1	финансовый
1623	16	1	фонды
1624	16	1	частные
1625	16	1	часто
1626	16	1	экономику
1627	15	1	amg
1628	15	1	cyprus
1629	15	1	scb
1630	15	1	актив
1631	15	1	акциями
1632	15	1	александра
1633	15	1	армии
1634	15	1	банкиры
1635	15	1	благосостояния
1636	15	1	валютой
1637	15	1	виктор
1638	15	1	властям
1639	15	1	властями
1640	15	1	второго
1641	15	1	выйти
1642	15	1	выплат
1643	15	1	вэба
1644	15	1	дает
1645	15	1	данный
1646	15	1	делам
1647	15	1	деньгами
1648	15	1	домашнего
1649	15	1	единороссы
1650	15	1	задолженность
1651	15	1	законом
1652	15	1	западом
1653	15	1	заплатить
1654	15	1	запрещено
1655	15	1	использование
1656	15	1	контрольный
1657	15	1	крае
1658	15	1	крымских
1659	15	1	кузьмин
1660	15	1	лица
1661	15	1	любой
1662	15	1	максим
1663	15	1	марш
1664	15	1	международного
1665	15	1	мероприятия
1666	15	1	мнение
1667	15	1	наблюдатели
1668	15	1	накоплений
1669	15	1	направления
1670	15	1	напротив
1671	15	1	наталья
1672	15	1	никак
1673	15	1	новом
1674	15	1	ноябре
1675	15	1	нынешней
1676	15	1	оба
1677	15	1	обращение
1678	15	1	обсуждали
1679	15	1	объясняют
1680	15	1	одновременно
1681	15	1	ожидать
1682	15	1	останется
1683	15	1	официально
1684	15	1	оценке
1685	15	1	партнера
1686	15	1	пассажиров
1687	15	1	первая
1688	15	1	победу
1689	15	1	поддерживать
1690	15	1	подчеркнул
1691	15	1	полгода
1692	15	1	политическая
1693	15	1	поставить
1694	15	1	постепенно
1695	15	1	прекращения
1696	15	1	программа
1697	15	1	просит
1698	15	1	путь
1699	15	1	разделе
1700	15	1	рассматривать
1701	15	1	регулятор
1702	15	1	резервы
1703	15	1	руководители
1704	15	1	сигнал
1705	15	1	следователь
1706	15	1	следующий
1707	15	1	снизить
1708	15	1	собственности
1709	15	1	собственных
1710	15	1	создает
1711	15	1	сообщило
1712	15	1	соответствует
1713	15	1	сотрудничества
1714	15	1	сотрудничество
1715	15	1	сроков
1716	15	1	статьи
1717	15	1	стороной
1718	15	1	стратегии
1719	15	1	сценария
1720	15	1	счетов
1721	15	1	считается
1722	15	1	топлива
1723	15	1	указал
1724	15	1	управляющий
1725	15	1	услуги
1726	15	1	участках
1727	15	1	участков
1728	15	1	ущерб
1729	15	1	феврале
1730	15	1	ход
1731	15	1	центрального
1732	15	1	частично
1733	15	1	члены
1734	15	1	шаг
1735	14	1	ebitda
1736	14	1	glencore
1737	14	1	mastercard
1738	14	1	morgan
1739	14	1	visa
1740	14	1	американской
1741	14	1	банкир
1742	14	1	бизнесу
1743	14	1	блока
1744	14	1	бороться
1745	14	1	борьбы
1746	14	1	бюджетное
1747	14	1	бюджетных
1748	14	1	ведет
1749	14	1	ведь
1750	14	1	вероятность
1751	14	1	владельца
1752	14	1	выбор
1753	14	1	выборам
1754	14	1	генпрокуратура
1755	14	1	госбанков
1756	14	1	госдуме
1757	14	1	государственного
1758	14	1	губернаторы
1759	14	1	давление
1760	14	1	дальнейшем
1761	14	1	дефицита
1762	14	1	дискуссии
1763	14	1	допэмиссии
1764	14	1	дороги
1765	14	1	досрочно
1766	14	1	единственным
1767	14	1	задолженности
1768	14	1	занимать
1769	14	1	зарплаты
1770	14	1	заявили
1771	14	1	зоны
1772	14	1	избирательных
1773	14	1	издержки
1774	14	1	изменить
1775	14	1	инициативы
1776	14	1	информационной
1777	14	1	качество
1778	14	1	квартала
1779	14	1	клиентами
1780	14	1	ключевых
1781	14	1	коммунисты
1782	14	1	конкретных
1783	14	1	крупный
1784	14	1	международной
1785	14	1	международным
1786	14	1	минимум
1787	14	1	мир
1788	14	1	многом
1789	14	1	могло
1790	14	1	назначен
1791	14	1	накопительного
1792	14	1	налогового
1793	14	1	наши
1794	14	1	негативный
1795	14	1	недостаточно
1796	14	1	неоднократно
1797	14	1	нефтесервисных
1798	14	1	новатэк
1799	14	1	объеме
1800	14	1	одну
1801	14	1	омк
1802	14	1	ополченцев
1803	14	1	оппозиция
1804	14	1	остальных
1805	14	1	отличие
1806	14	1	отчете
1807	14	1	парка
1808	14	1	пгк
1809	14	1	пенсионные
1810	14	1	петр
1811	14	1	письме
1812	14	1	подготовки
1813	14	1	поддерживают
1814	14	1	политическим
1815	14	1	получать
1816	14	1	помощник
1817	14	1	поправок
1818	14	1	последних
1819	14	1	постоянно
1820	14	1	потенциал
1821	14	1	появились
1822	14	1	причины
1823	14	1	проведении
1824	14	1	прогнозу
1825	14	1	производство
1826	14	1	прошлый
1827	14	1	пути
1828	14	1	пфр
1829	14	1	пытается
1830	14	1	размещения
1831	14	1	ресурсы
1832	14	1	рефинансирования
1833	14	1	решать
1834	14	1	росберг
1835	14	1	руководителя
1836	14	1	рфпи
1837	14	1	сборы
1838	14	1	семь
1839	14	1	середины
1840	14	1	серьезно
1841	14	1	сибири
1842	14	1	сильно
1843	14	1	сказано
1844	14	1	сказать
1845	14	1	созыва
1846	14	1	сокращения
1847	14	1	способствовать
1848	14	1	стратегия
1849	14	1	судов
1850	14	1	сути
1851	14	1	текущей
1852	14	1	тимченко
1853	14	1	урала
1854	14	1	урегулирования
1855	14	1	ухудшения
1856	14	1	финансовом
1857	14	1	фондирования
1858	14	1	хкф
1859	14	1	центре
1860	14	1	цену
1861	14	1	цкад
1862	14	1	ч
1863	14	1	четырех
1864	14	1	чистый
1865	14	1	чьи
1866	14	1	шести
1867	14	1	эсэров
1868	14	1	эффективности
1869	13	1	evraz
1870	13	1	moody
1871	13	1	schlumberger
1872	13	1	авиакомпания
1873	13	1	акционер
1874	13	1	альянс
1875	13	1	ассоциация
1876	13	1	аэрофлота
1877	13	1	василия
1878	13	1	ведомости
1879	13	1	вернуться
1880	13	1	весьма
1881	13	1	виктора
1882	13	1	влиять
1883	13	1	военного
1884	13	1	военной
1885	13	1	возможностей
1886	13	1	войск
1887	13	1	восточной
1888	13	1	встреча
1889	13	1	выплатить
1890	13	1	выступает
1891	13	1	выступал
1892	13	1	говорилось
1893	13	1	городе
1894	13	1	государственных
1895	13	1	границу
1896	13	1	гуманитарной
1897	13	1	дворковича
1898	13	1	де
1899	13	1	декабре
1900	13	1	динамика
1901	13	1	договоров
1902	13	1	другая
1903	13	1	другом
1904	13	1	елена
1905	13	1	жалобы
1906	13	1	зависимость
1907	13	1	задач
1908	13	1	занимает
1909	13	1	зоне
1910	13	1	идти
1911	13	1	идут
1912	13	1	инвестиционной
1913	13	1	инвесторам
1914	13	1	иной
1915	13	1	интересов
1916	13	1	искать
1917	13	1	использования
1918	13	1	каким
1919	13	1	канады
1920	13	1	кирилл
1921	13	1	клиенты
1922	13	1	коломойский
1923	13	1	контракт
1924	13	1	копия
1925	13	1	костин
1926	13	1	крупным
1927	13	1	лукойла
1928	13	1	любом
1929	13	1	максимально
1930	13	1	малофеева
1931	13	1	международные
1932	13	1	международный
1933	13	1	митрофанов
1934	13	1	московский
1935	13	1	мэрии
1936	13	1	налоговая
1937	13	1	наоборот
1938	13	1	направить
1939	13	1	начал
1940	13	1	недвижимости
1941	13	1	непонятно
1942	13	1	непосредственно
1943	13	1	нибудь
1944	13	1	норматив
1945	13	1	обеспечения
1946	13	1	обмен
1947	13	1	обмена
1948	13	1	обороны
1949	13	1	образования
1950	13	1	обслуживание
1951	13	1	объединения
1952	13	1	обычно
1953	13	1	ольга
1954	13	1	освобождении
1955	13	1	осталось
1956	13	1	ответили
1957	13	1	открытая
1958	13	1	отношение
1959	13	1	офисе
1960	13	1	партнеров
1961	13	1	планировалось
1962	13	1	платежи
1963	13	1	поддержали
1964	13	1	поднять
1965	13	1	пойдет
1966	13	1	показатели
1967	13	1	покупку
1968	13	1	полтора
1969	13	1	полугодия
1970	13	1	постоянной
1971	13	1	предусматривает
1972	13	1	привлекать
1973	13	1	прийти
1974	13	1	принятие
1975	13	1	причиной
1976	13	1	проблему
1977	13	1	продавать
1978	13	1	процессе
1979	13	1	прямо
1980	13	1	пяти
1981	13	1	работников
1982	13	1	районах
1983	13	1	рассказывал
1984	13	1	расширение
1985	13	1	расширения
1986	13	1	регионального
1987	13	1	регулятора
1988	13	1	росте
1989	13	1	ру
1990	13	1	самое
1991	13	1	самопровозглашенной
1992	13	1	самым
1993	13	1	санкционный
1994	13	1	сведений
1995	13	1	свыше
1996	13	1	следствием
1997	13	1	случаях
1998	13	1	собственные
1999	13	1	советник
2000	13	1	сожалению
2001	13	1	сократить
2002	13	1	сообщений
2003	13	1	состава
2004	13	1	состояние
2005	13	1	состоянию
2006	13	1	союза
2007	13	1	спикера
2008	13	1	сроком
2009	13	1	ставке
2010	13	1	стимулировать
2011	13	1	странами
2012	13	1	структур
2013	13	1	таком
2014	13	1	текущего
2015	13	1	текущем
2016	13	1	тема
2017	13	1	территорий
2018	13	1	ту
2019	13	1	удастся
2020	13	1	уплаты
2021	13	1	управление
2022	13	1	участки
2023	13	1	фнс
2024	13	1	формуле
2025	13	1	холдинга
2026	13	1	хотели
2027	13	1	экономисты
2028	13	1	экономические
2029	13	1	экономический
2030	13	1	явка
2031	12	1	b
2032	12	1	reuters
2033	12	1	stanley
2034	12	1	агитации
2035	12	1	активности
2036	12	1	акционера
2037	12	1	акционеры
2038	12	1	акция
2039	12	1	анализа
2040	12	1	близкие
2041	12	1	блок
2042	12	1	большое
2043	12	1	быстрого
2044	12	1	бюджетов
2045	12	1	валютной
2046	12	1	варианта
2047	12	1	вдвое
2048	12	1	великобритании
2049	12	1	великого
2050	12	1	видим
2051	12	1	владелец
2052	12	1	внутреннего
2053	12	1	внутренних
2054	12	1	вопросу
2055	12	1	вызывает
2056	12	1	выражении
2057	12	1	вэб
2058	12	1	говоря
2059	12	1	годом
2060	12	1	госкомпании
2061	12	1	готова
2062	12	1	дальнего
2063	12	1	денежных
2064	12	1	десяти
2065	12	1	договор
2066	12	1	документов
2067	12	1	документы
2068	12	1	долларов
2069	12	1	досрочного
2070	12	1	друг
2071	12	1	е
2072	12	1	единственный
2073	12	1	желание
2074	12	1	жителей
2075	12	1	зао
2076	12	1	запрета
2077	12	1	зарплат
2078	12	1	затрат
2079	12	1	затраты
2080	12	1	защиту
2081	12	1	игроки
2082	12	1	идеи
2083	12	1	изменение
2084	12	1	изначально
2085	12	1	иначе
2086	12	1	индексация
2087	12	1	иностранной
2088	12	1	инструмент
2089	12	1	интересы
2090	12	1	ирина
2091	12	1	исследований
2092	12	1	итоги
2093	12	1	каком
2094	12	1	качества
2095	12	1	китаем
2096	12	1	ключевой
2097	12	1	комментирует
2098	12	1	конвертировать
2099	12	1	конфликт
2100	12	1	кредиторами
2101	12	1	кремль
2102	12	1	крупнейшие
2103	12	1	куда
2104	12	1	лидеры
2105	12	1	лицензий
2106	12	1	лондоне
2107	12	1	малофеев
2108	12	1	машины
2109	12	1	местных
2110	12	1	минприроды
2111	12	1	миру
2112	12	1	мнением
2113	12	1	мосгордуму
2114	12	1	назначения
2115	12	1	налоговый
2116	12	1	налогу
2117	12	1	написал
2118	12	1	народных
2119	12	1	наш
2120	12	1	ныне
2121	12	1	нынешнего
2122	12	1	обвинение
2123	12	1	областях
2124	12	1	обратиться
2125	12	1	обсуждалась
2126	12	1	объемах
2127	12	1	объяснял
2128	12	1	округа
2129	12	1	операторов
2130	12	1	остался
2131	12	1	ответа
2132	12	1	отлк
2133	12	1	отток
2134	12	1	офз
2135	12	1	оценка
2136	12	1	оценку
2137	12	1	падения
2138	12	1	параметры
2139	12	1	передачи
2140	12	1	перемирие
2141	12	1	переход
2142	12	1	петра
2143	12	1	поводом
2144	12	1	подготовить
2145	12	1	поддержать
2146	12	1	поддержка
2147	12	1	показывает
2148	12	1	покупать
2149	12	1	покупки
2150	12	1	полагают
2151	12	1	попал
2152	12	1	посткрымская
2153	12	1	поток
2154	12	1	потребительских
2155	12	1	потребительского
2156	12	1	потребуется
2157	12	1	предположить
2158	12	1	предпринимателя
2159	12	1	предстоит
2160	12	1	признает
2161	12	1	принятый
2162	12	1	прироста
2163	12	1	провел
2164	12	1	прогноза
2165	12	1	прогнозирует
2166	12	1	проголосовали
2167	12	1	продолжать
2168	12	1	промышленность
2169	12	1	протяжении
2170	12	1	процентов
2171	12	1	прошли
2172	12	1	пункт
2173	12	1	работал
2174	12	1	разных
2175	12	1	рассказывали
2176	12	1	режиме
2177	12	1	решению
2178	12	1	рос
2179	12	1	ростом
2180	12	1	руководством
2181	12	1	русского
2182	12	1	рыночной
2183	12	1	сахалин
2184	12	1	связанных
2185	12	1	связаны
2186	12	1	северсталь
2187	12	1	семьи
2188	12	1	сечина
2189	12	1	сказала
2190	12	1	следственный
2191	12	1	следствию
2192	12	1	случай
2193	12	1	смысле
2194	12	1	сначала
2195	12	1	снизился
2196	12	1	совпадать
2197	12	1	согласен
2198	12	1	согласовать
2199	12	1	сообщает
2200	12	1	сообщал
2201	12	1	сообщения
2202	12	1	сопредседатель
2203	12	1	социальных
2204	12	1	сторонников
2205	12	1	страну
2206	12	1	судебные
2207	12	1	сутки
2208	12	1	существует
2209	12	1	таки
2210	12	1	территорию
2211	12	1	товары
2212	12	1	точно
2213	12	1	требованиям
2214	12	1	труб
2215	12	1	труда
2216	12	1	угрозу
2217	12	1	украинские
2218	12	1	условии
2219	12	1	установить
2220	12	1	участник
2221	12	1	факту
2222	12	1	фракций
2223	12	1	фракция
2224	12	1	хуже
2225	12	1	чаще
2226	12	1	шансы
2227	12	1	шельфе
2228	12	1	школы
2229	12	1	штрафы
2230	12	1	экономическим
2231	12	1	экономическом
2232	12	1	электроэнергии
2233	12	1	эмбарго
2234	12	1	этапе
2235	12	1	яблока
2236	12	1	яценюк
2237	11	1	fitch
2238	11	1	forbes
2239	11	1	lucchini
2240	11	1	standard
2241	11	1	авиакомпаний
2242	11	1	администрация
2243	11	1	адрес
2244	11	1	азии
2245	11	1	акционером
2246	11	1	американским
2247	11	1	аналогичный
2248	11	1	базовый
2249	11	1	базы
2250	11	1	бизнесом
2251	11	1	большие
2252	11	1	борис
2253	11	1	бюджетного
2254	11	1	валют
2255	11	1	вариантов
2256	11	1	введении
2257	11	1	взгляд
2258	11	1	видит
2259	11	1	включает
2260	11	1	включения
2261	11	1	внес
2262	11	1	внести
2263	11	1	внешние
2264	11	1	возможным
2265	11	1	возраста
2266	11	1	вопреки
2267	11	1	времена
2268	11	1	врио
2269	11	1	вся
2270	11	1	вывести
2271	11	1	вывод
2272	11	1	вынуждены
2273	11	1	г
2274	11	1	газеты
2275	11	1	газового
2276	11	1	главного
2277	11	1	голосование
2278	11	1	государству
2279	11	1	давления
2280	11	1	даст
2281	11	1	действовать
2282	11	1	дни
2283	11	1	договориться
2284	11	1	документу
2285	11	1	долги
2286	11	1	долго
2287	11	1	долгое
2288	11	1	европейского
2289	11	1	единоросс
2290	11	1	законодательству
2291	11	1	законы
2292	11	1	записке
2293	11	1	защите
2294	11	1	знают
2295	11	1	идей
2296	11	1	избежать
2297	11	1	избираться
2298	11	1	издержек
2299	11	1	инвесторами
2300	11	1	инициатив
2301	11	1	иностранным
2302	11	1	институт
2303	11	1	интерфаксу
2304	11	1	кажется
2305	11	1	клиента
2306	11	1	кодекса
2307	11	1	комиссия
2308	11	1	компаниях
2309	11	1	комплекс
2310	11	1	конвертации
2311	11	1	конкурса
2312	11	1	констатирует
2313	11	1	конфискация
2314	11	1	конъюнктуры
2315	11	1	кредиту
2316	11	1	крупнейшим
2317	11	1	летний
2318	11	1	мероприятие
2319	11	1	местного
2320	11	1	мин
2321	11	1	министром
2322	11	1	минут
2323	11	1	модели
2324	11	1	мсфо
2325	11	1	надзора
2326	11	1	назвать
2327	11	1	наконец
2328	11	1	налогам
2329	11	1	намерен
2330	11	1	нарушение
2331	11	1	наступления
2332	11	1	начнет
2333	11	1	начнется
2334	11	1	негативно
2335	11	1	новому
2336	11	1	обвинения
2337	11	1	образованию
2338	11	1	общественной
2339	11	1	обязательства
2340	11	1	ожидается
2341	11	1	окажется
2342	11	1	оказалась
2343	11	1	оказались
2344	11	1	оказалось
2345	11	1	олега
2346	11	1	омс
2347	11	1	опрошенных
2348	11	1	орлова
2349	11	1	оснований
2350	11	1	отделений
2351	11	1	отдельные
2352	11	1	открытой
2353	11	1	отчетность
2354	11	1	передачу
2355	11	1	пересмотреть
2356	11	1	платформы
2357	11	1	повышении
2358	11	1	подготовке
2359	11	1	поддержал
2360	11	1	подписал
2361	11	1	пожалов
2362	11	1	позволяют
2363	11	1	позже
2364	11	1	позиций
2365	11	1	пользоваться
2366	11	1	пообещал
2367	11	1	попытки
2368	11	1	портфеля
2369	11	1	порядке
2370	11	1	поста
2371	11	1	правоохранительных
2372	11	1	практике
2373	11	1	практики
2374	11	1	предприятие
2375	11	1	председателем
2376	11	1	привел
2377	11	1	принимать
2378	11	1	пришли
2379	11	1	прогнозы
2380	11	1	программу
2381	11	1	продолжит
2382	11	1	продуктов
2383	11	1	прокуратуры
2384	11	1	прохорова
2385	11	1	рады
2386	11	1	растут
2387	11	1	региональные
2388	11	1	регионам
2389	11	1	регламенту
2390	11	1	регулирования
2391	11	1	редакции
2392	11	1	республике
2393	11	1	решением
2394	11	1	руководителей
2395	11	1	руководства
2396	11	1	само
2397	11	1	самолеты
2398	11	1	самостоятельно
2399	11	1	сбор
2400	11	1	своими
2401	11	1	святителя
2402	11	1	секторе
2403	11	1	семи
2404	11	1	серьезные
2405	11	1	системой
2406	11	1	снижением
2407	11	1	собеседника
2408	11	1	собеседники
2409	11	1	совершенно
2410	11	1	сотрудники
2411	11	1	социально
2412	11	1	справедливой
2413	11	1	стадии
2414	11	1	станут
2415	11	1	столь
2416	11	1	судом
2417	11	1	суды
2418	11	1	сценариев
2419	11	1	текущих
2420	11	1	точка
2421	11	1	уверяет
2422	11	1	уголовные
2423	11	1	уголовных
2424	11	1	указано
2425	11	1	упали
2426	11	1	учения
2427	11	1	факторами
2428	11	1	финансовыми
2429	11	1	фронта
2430	11	1	хватает
2431	11	1	ценностей
2432	11	1	центробанка
2433	11	1	цик
2434	11	1	штаб
2435	11	1	штаба
2436	11	1	экспобанк
2437	11	1	экспресс
2438	11	1	энергетики
2439	11	1	эффективность
2440	11	1	юридических
2441	11	1	явно
2442	11	1	якутии
2443	11	1	январе
2444	11	1	японии
2445	10	1	facebook
2446	10	1	ifc
2447	10	1	opic
2448	10	1	polymetal
2449	10	1	адвокатов
2450	10	1	акционерами
2451	10	1	алтай
2452	10	1	американские
2453	10	1	андреева
2454	10	1	антитеррористической
2455	10	1	арестом
2456	10	1	армия
2457	10	1	балтийского
2458	10	1	банкротства
2459	10	1	белоусов
2460	10	1	большей
2461	10	1	большинства
2462	10	1	большинстве
2463	10	1	борьба
2464	10	1	бюджетном
2465	10	1	валютного
2466	10	1	валютном
2467	10	1	валютным
2468	10	1	вас
2469	10	1	взносов
2470	10	1	включение
2471	10	1	владислав
2472	10	1	влияет
2473	10	1	внутренние
2474	10	1	возглавляет
2475	10	1	возглавлял
2476	10	1	война
2477	10	1	войне
2478	10	1	восстановления
2479	10	1	всеми
2480	10	1	всему
2481	10	1	встречу
2482	10	1	вступления
2483	10	1	вторым
2484	10	1	выделить
2485	10	1	вынужден
2486	10	1	вырастет
2487	10	1	высоких
2488	10	1	высшей
2489	10	1	выхода
2490	10	1	вышел
2491	10	1	вячеслав
2492	10	1	газпромбанк
2493	10	1	генпрокуратуры
2494	10	1	геополитическая
2495	10	1	главным
2496	10	1	голодец
2497	10	1	голоса
2498	10	1	государственные
2499	10	1	государством
2500	10	1	готовности
2501	10	1	границей
2502	10	1	губернаторам
2503	10	1	губернаторских
2504	10	1	дальнейшего
2505	10	1	двумя
2506	10	1	делает
2507	10	1	денежном
2508	10	1	денис
2509	10	1	депозитов
2510	10	1	депозиты
2511	10	1	доверия
2512	10	1	доказать
2513	10	1	донбасс
2514	10	1	донецка
2515	10	1	донецком
2516	10	1	достичь
2517	10	1	дочки
2518	10	1	европу
2519	10	1	железной
2520	10	1	завершить
2521	10	1	зависеть
2522	10	1	замдиректора
2523	10	1	замечает
2524	10	1	занимается
2525	10	1	заниматься
2526	10	1	занять
2527	10	1	западе
2528	10	1	заявления
2529	10	1	значение
2530	10	1	значительная
2531	10	1	идею
2532	10	1	имел
2533	10	1	инвестиционного
2534	10	1	инициативу
2535	10	1	иностранного
2536	10	1	инструменты
2537	10	1	интервенций
2538	10	1	иран
2539	10	1	исключения
2540	10	1	италии
2541	10	1	ищет
2542	10	1	кампанию
2543	10	1	кгн
2544	10	1	киевом
2545	10	1	китайских
2546	10	1	кодекс
2547	10	1	комиссий
2548	10	1	компаниями
2549	10	1	компенсировать
2550	10	1	корпоративным
2551	10	1	корпоративных
2552	10	1	кредитного
2553	10	1	кредитование
2554	10	1	крупного
2555	10	1	левина
2556	10	1	легко
2557	10	1	лидера
2558	10	1	лично
2559	10	1	лишился
2560	10	1	марша
2561	10	1	мая
2562	10	1	меморандум
2563	10	1	менеджеров
2564	10	1	мероприятий
2565	10	1	мест
2566	10	1	минобороны
2567	10	1	минске
2568	10	1	мирного
2569	10	1	могу
2570	10	1	монополии
2571	10	1	моря
2572	10	1	мрск
2573	10	1	муниципальных
2574	10	1	мэр
2575	10	1	наблюдается
2576	10	1	набор
2577	10	1	нагрузку
2578	10	1	направлен
2579	10	1	напряженности
2580	10	1	наша
2581	10	1	ндпи
2582	10	1	небольшие
2583	10	1	неделю
2584	10	1	носит
2585	10	1	область
2586	10	1	обществе
2587	10	1	общественного
2588	10	1	общество
2589	10	1	обязанности
2590	10	1	ожидает
2591	10	1	оказывать
2592	10	1	ополченцам
2593	10	1	оппонентов
2594	10	1	опыт
2595	10	1	орлов
2596	10	1	орс
2597	10	1	осенью
2598	10	1	основан
2599	10	1	основания
2600	10	1	особо
2601	10	1	остальные
2602	10	1	остаются
2603	10	1	отключения
2604	10	1	отмены
2605	10	1	отмечается
2606	10	1	оценкам
2607	10	1	очередной
2608	10	1	павел
2609	10	1	партнерства
2610	10	1	перевозок
2611	10	1	персонала
2612	10	1	петербург
2613	10	1	подержанных
2614	10	1	пойдут
2615	10	1	показателей
2616	10	1	политическое
2617	10	1	политическую
2618	10	1	полном
2619	10	1	положения
2620	10	1	получает
2621	10	1	получается
2622	10	1	получив
2623	10	1	помочь
2624	10	1	потеряли
2625	10	1	пошли
2626	10	1	правил
2627	10	1	праймериз
2628	10	1	предложено
2629	10	1	предложили
2630	10	1	предоставления
2631	10	1	представителя
2632	10	1	предупреждает
2633	10	1	преступным
2634	10	1	прибыли
2635	10	1	примут
2636	10	1	причин
2637	10	1	проверить
2638	10	1	продлить
2639	10	1	продолжается
2640	10	1	продолжения
2641	10	1	процедуры
2642	10	1	процентный
2643	10	1	прошел
2644	10	1	прошла
2645	10	1	прямых
2646	10	1	публикации
2647	10	1	публикуются
2648	10	1	публично
2649	10	1	разговоре
2650	10	1	размещение
2651	10	1	района
2652	10	1	рашкин
2653	10	1	реакция
2654	10	1	рейтинги
2655	10	1	репо
2656	10	1	розничного
2657	10	1	романчук
2658	10	1	российскому
2659	10	1	рса
2660	10	1	самим
2661	10	1	саммит
2662	10	1	связаться
2663	10	1	сделал
2664	10	1	сети
2665	10	1	следователи
2666	10	1	слышал
2667	10	1	смогла
2668	10	1	смысла
2669	10	1	снижению
2670	10	1	снова
2671	10	1	совладелец
2672	10	1	создавать
2673	10	1	сократились
2674	10	1	сокращению
2675	10	1	сославшись
2676	10	1	составило
2677	10	1	составляют
2678	10	1	состояться
2679	10	1	сотни
2680	10	1	сотрудничать
2681	10	1	сохранения
2682	10	1	списке
2683	10	1	средняя
2684	10	1	судья
2685	10	1	сценарии
2686	10	1	толоконского
2687	10	1	традиционно
2688	10	1	транспорта
2689	10	1	требуют
2690	10	1	треть
2691	10	1	третьем
2692	10	1	удар
2693	10	1	уровнем
2694	10	1	успех
2695	10	1	уставный
2696	10	1	ухудшение
2697	10	1	участка
2698	10	1	факто
2699	10	1	фактор
2700	10	1	фактором
2701	10	1	физических
2702	10	1	финансовым
2703	10	1	форме
2704	10	1	функции
2705	10	1	ходом
2706	10	1	хотел
2707	10	1	цистерн
2708	10	1	часов
2709	10	1	чмк
2710	10	1	экспертов
2711	10	1	элит
2712	10	1	якобы
2713	10	1	якунин
2714	10	1	ямал
2715	9	1	baker
2716	9	1	boeing
2717	9	1	bp
2718	9	1	cnpc
2719	9	1	hughes
2720	9	1	lynch
2721	9	1	merrill
2722	9	1	pgs
2723	9	1	steel
2724	9	1	the
2725	9	1	активнее
2726	9	1	аналитического
2727	9	1	арсений
2728	9	1	аэро
2729	9	1	аэрофлот
2730	9	1	банкиров
2731	9	1	банковском
2732	9	1	беляков
2733	9	1	бизнесе
2734	9	1	биржи
2735	9	1	близкого
2736	9	1	брифинге
2737	9	1	брянской
2738	9	1	бунин
2739	9	1	бурматов
2740	9	1	бюллетеней
2741	9	1	введены
2742	9	1	ведения
2743	9	1	ведется
2744	9	1	вексельберга
2745	9	1	взнос
2746	9	1	взять
2747	9	1	видно
2748	9	1	виталий
2749	9	1	вклад
2750	9	1	вкладам
2751	9	1	вкладчиков
2752	9	1	владельцев
2753	9	1	владельцем
2754	9	1	владимиру
2755	9	1	внесен
2756	9	1	внутренней
2757	9	1	возможного
2758	9	1	возможных
2759	9	1	возникает
2760	9	1	возникнуть
2761	9	1	войска
2762	9	1	вошел
2763	9	1	выиграл
2764	9	1	выполнять
2765	9	1	выпуска
2766	9	1	высоким
2767	9	1	выход
2768	9	1	газопровода
2769	9	1	гальченко
2770	9	1	гарантии
2771	9	1	георгий
2772	9	1	главе
2773	9	1	главой
2774	9	1	го
2775	9	1	городской
2776	9	1	госдума
2777	9	1	готовит
2778	9	1	готовность
2779	9	1	давать
2780	9	1	дали
2781	9	1	дальнем
2782	9	1	действует
2783	9	1	денежно
2784	9	1	денина
2785	9	1	депозитам
2786	9	1	деятельностью
2787	9	1	днем
2788	9	1	добролета
2789	9	1	договариваться
2790	9	1	договора
2791	9	1	долгосрочного
2792	9	1	долгосрочные
2793	9	1	досрочных
2794	9	1	другое
2795	9	1	думать
2796	9	1	европа
2797	9	1	евросоюз
2798	9	1	естественно
2799	9	1	жесткие
2800	9	1	задуматься
2801	9	1	заемщики
2802	9	1	заимствования
2803	9	1	займа
2804	9	1	займет
2805	9	1	займы
2806	9	1	заключается
2807	9	1	заключении
2808	9	1	закрытие
2809	9	1	замглавы
2810	9	1	западной
2811	9	1	здравоохранения
2812	9	1	значительной
2813	9	1	изменились
2814	9	1	инвестировать
2815	9	1	инвестиционный
2816	9	1	инвестора
2817	9	1	иностранные
2818	9	1	иностранными
2819	9	1	интервенции
2820	9	1	интересам
2821	9	1	интересах
2822	9	1	информполитике
2823	9	1	исследованиям
2824	9	1	источником
2825	9	1	каждом
2826	9	1	какую
2827	9	1	кандидат
2828	9	1	капитализация
2829	9	1	квартал
2830	9	1	китайской
2831	9	1	ко
2832	9	1	козин
2833	9	1	команде
2834	9	1	комитете
2835	9	1	коммерсантъ
2836	9	1	компонента
2837	9	1	конечном
2838	9	1	консенсус
2839	9	1	консультаций
2840	9	1	конференции
2841	9	1	корпоративного
2842	9	1	корпорации
2843	9	1	край
2844	9	1	крайней
2845	9	1	крупнейший
2846	9	1	лебедев
2847	9	1	летнего
2848	9	1	лицензию
2849	9	1	лондона
2850	9	1	малого
2851	9	1	материалы
2852	9	1	меджлиса
2853	9	1	международном
2854	9	1	менеджеры
2855	9	1	менеджмент
2856	9	1	меру
2857	9	1	местах
2858	9	1	месте
2859	9	1	металлургического
2860	9	1	металлургической
2861	9	1	метро
2862	9	1	минфине
2863	9	1	минфину
2864	9	1	младшего
2865	9	1	модернизации
2866	9	1	морского
2867	9	1	мосгордуме
2868	9	1	нагрузка
2869	9	1	назаров
2870	9	1	накопительную
2871	9	1	народной
2872	9	1	населенных
2873	9	1	начало
2874	9	1	недавно
2875	9	1	недвижимость
2876	9	1	незаконной
2877	9	1	неопределенности
2878	9	1	нужны
2879	9	1	обойтись
2880	9	1	обратился
2881	9	1	обращении
2882	9	1	общем
2883	9	1	объединенной
2884	9	1	объявила
2885	9	1	обязательного
2886	9	1	ограничить
2887	9	1	оказать
2888	9	1	оон
2889	9	1	определенные
2890	9	1	организаторы
2891	9	1	ослабления
2892	9	1	оставил
2893	9	1	отечественных
2894	9	1	отказалась
2895	9	1	отказывается
2896	9	1	отложить
2897	9	1	отмечал
2898	9	1	относится
2899	9	1	отраслей
2900	9	1	оттоку
2901	9	1	офис
2902	9	1	парламенте
2903	9	1	партнером
2904	9	1	пгс
2905	9	1	пенсий
2906	9	1	пенсию
2907	9	1	перевести
2908	9	1	переговорах
2909	9	1	передает
2910	9	1	передать
2911	9	1	передаче
2912	9	1	перечень
2913	9	1	периодом
2914	9	1	письма
2915	9	1	плане
2916	9	1	пнд
2917	9	1	победы
2918	9	1	повысить
2919	9	1	повышению
2920	9	1	подешевели
2921	9	1	поднят
2922	9	1	подобные
2923	9	1	подобных
2924	9	1	показания
2925	9	1	полевой
2926	9	1	политический
2927	9	1	получат
2928	9	1	получится
2929	9	1	польшу
2930	9	1	порог
2931	9	1	порядок
2932	9	1	последнего
2933	9	1	построить
2934	9	1	потенциальных
2935	9	1	появится
2936	9	1	правового
2937	9	1	пределами
2938	9	1	предлагают
2939	9	1	предложением
2940	9	1	предложить
2941	9	1	предмет
2942	9	1	предприниматели
2943	9	1	представителями
2944	9	1	прекратить
2945	9	1	признал
2946	9	1	признать
2947	9	1	принадлежат
2948	9	1	присоединения
2949	9	1	присутствие
2950	9	1	причина
2951	9	1	причинам
2952	9	1	про
2953	9	1	проверку
2954	9	1	программе
2955	9	1	прогресса
2956	9	1	продажа
2957	9	1	пройдет
2958	9	1	прокуратура
2959	9	1	промышленной
2960	9	1	процентных
2961	9	1	работ
2962	9	1	ради
2963	9	1	разве
2964	9	1	развиваться
2965	9	1	размера
2966	9	1	разные
2967	9	1	распоряжение
2968	9	1	распространяется
2969	9	1	рассматривает
2970	9	1	рассматривается
2971	9	1	рассмотрения
2972	9	1	расчета
2973	9	1	регион
2974	9	1	резкое
2975	9	1	рекомендовал
2976	9	1	республика
2977	9	1	речи
2978	9	1	рода
2979	9	1	родины
2980	9	1	рубли
2981	9	1	руководстве
2982	9	1	рынку
2983	9	1	самые
2984	9	1	сбора
2985	9	1	связана
2986	9	1	сезон
2987	9	1	сектор
2988	9	1	семей
2989	9	1	серьезных
2990	9	1	сибирь
2991	9	1	систем
2992	9	1	ск
2993	9	1	скажется
2994	9	1	следователя
2995	9	1	следующего
2996	9	1	смысл
2997	9	1	снизилась
2998	9	1	собственной
2999	9	1	совету
3000	9	1	созданию
3001	9	1	созыве
3002	9	1	соколов
3003	9	1	сообщали
3004	9	1	соответствующее
3005	9	1	составляла
3006	9	1	составлять
3007	9	1	состоянии
3008	9	1	сотрудничестве
3009	9	1	социального
3010	9	1	способ
3011	9	1	справедливая
3012	9	1	спустя
3013	9	1	средний
3014	9	1	ставит
3015	9	1	старше
3016	9	1	статье
3017	9	1	статьям
3018	9	1	структуру
3019	9	1	тариф
3020	9	1	тарифа
3021	9	1	теми
3022	9	1	терминал
3023	9	1	тимошенко
3024	9	1	токио
3025	9	1	торгового
3026	9	1	торговых
3027	9	1	точку
3028	9	1	транснефть
3029	9	1	третьей
3030	9	1	тэк
3031	9	1	тэка
3032	9	1	увеличению
3033	9	1	угля
3034	9	1	угроза
3035	9	1	управлении
3036	9	1	урегулированию
3037	9	1	усилить
3038	9	1	усилия
3039	9	1	учета
3040	9	1	федеральном
3041	9	1	финансовую
3042	9	1	фк
3043	9	1	формулы
3044	9	1	фст
3045	9	1	функций
3046	9	1	хазар
3047	9	1	ходатайство
3048	9	1	холдинг
3049	9	1	худайнатов
3050	9	1	частных
3051	9	1	членом
3052	9	1	шаги
3053	9	1	шамолин
3054	9	1	шестого
3055	9	1	шла
3056	9	1	экономическое
3057	9	1	эксплуатацию
3058	9	1	энергетического
3059	9	1	этими
3060	9	1	юридической
3061	8	1	america
3062	8	1	global
3063	8	1	hearst
3064	8	1	partners
3065	8	1	red
3066	8	1	volkswagen
3067	8	1	администрацией
3068	8	1	администрирования
3069	8	1	активами
3070	8	1	аппарате
3071	8	1	аркадий
3072	8	1	аркадия
3073	8	1	ато
3074	8	1	аэрофлоту
3075	8	1	баланс
3076	8	1	банковских
3077	8	1	банковского
3078	8	1	башкирского
3079	8	1	бизнесменов
3080	8	1	биржа
3081	8	1	боевые
3082	8	1	больших
3083	8	1	брать
3084	8	1	бурмистров
3085	8	1	бюджетным
3086	8	1	важнее
3087	8	1	вам
3088	8	1	вариантом
3089	8	1	введением
3090	8	1	ввода
3091	8	1	ввоз
3092	8	1	взноса
3093	8	1	взносы
3094	8	1	взял
3095	8	1	видов
3096	8	1	визита
3097	8	1	внимания
3098	8	1	водителей
3099	8	1	военно
3100	8	1	военный
3101	8	1	возбуждении
3102	8	1	возбуждения
3103	8	1	возбуждено
3104	8	1	возвращения
3105	8	1	возможные
3106	8	1	вопросом
3107	8	1	восточного
3108	8	1	восточном
3109	8	1	восточный
3110	8	1	вошли
3111	8	1	вперед
3112	8	1	впоследствии
3113	8	1	всемирного
3114	8	1	выводу
3115	8	1	выкупить
3116	8	1	высокие
3117	8	1	гарри
3118	8	1	гвардии
3119	8	1	геологоразведки
3120	8	1	геополитических
3121	8	1	германии
3122	8	1	глав
3123	8	1	главное
3124	8	1	главной
3125	8	1	главных
3126	8	1	гока
3127	8	1	гончарук
3128	8	1	горе
3129	8	1	готово
3130	8	1	граждане
3131	8	1	гражданских
3132	8	1	границ
3133	8	1	границе
3134	8	1	губернатором
3135	8	1	давал
3136	8	1	дал
3137	8	1	далеко
3138	8	1	данном
3139	8	1	движение
3140	8	1	девяти
3141	8	1	действуют
3142	8	1	делом
3143	8	1	депутатам
3144	8	1	детали
3145	8	1	детей
3146	8	1	диалог
3147	8	1	длинные
3148	8	1	добыче
3149	8	1	дополнительного
3150	8	1	допустил
3151	8	1	допустить
3152	8	1	дорог
3153	8	1	досрочное
3154	8	1	достиг
3155	8	1	доходность
3156	8	1	дроздов
3157	8	1	жертвы
3158	8	1	забрать
3159	8	1	завершения
3160	8	1	заводе
3161	8	1	законе
3162	8	1	заместителя
3163	8	1	заметил
3164	8	1	заметно
3165	8	1	занимал
3166	8	1	запад
3167	8	1	заранее
3168	8	1	заставить
3169	8	1	зачастую
3170	8	1	заявлении
3171	8	1	здании
3172	8	1	значений
3173	8	1	знаю
3174	8	1	зюзин
3175	8	1	иван
3176	8	1	игры
3177	8	1	ими
3178	8	1	инвест
3179	8	1	инвестиционные
3180	8	1	иногда
3181	8	1	информацией
3182	8	1	инфраструктуру
3183	8	1	исключено
3184	8	1	исключительно
3185	8	1	иску
3186	8	1	ищут
3187	8	1	какая
3188	8	1	кампания
3189	8	1	кандидатам
3190	8	1	команды
3191	8	1	комбината
3192	8	1	комплексов
3193	8	1	конкуренции
3194	8	1	контролем
3195	8	1	конфликте
3196	8	1	концерна
3197	8	1	коржов
3198	8	1	корпорация
3199	8	1	крымские
3200	8	1	кэпитал
3201	8	1	макроэкономических
3202	8	1	марки
3203	8	1	массовых
3204	8	1	материалов
3205	8	1	мгик
3206	8	1	межпромбанка
3207	8	1	мельников
3208	8	1	места
3209	8	1	месторождении
3210	8	1	минюст
3211	8	1	миссия
3212	8	1	моисеев
3213	8	1	море
3214	8	1	морских
3215	8	1	московская
3216	8	1	мощностью
3217	8	1	мск
3218	8	1	мтс
3219	8	1	муниципальный
3220	8	1	мэра
3221	8	1	набрал
3222	8	1	навального
3223	8	1	наверняка
3224	8	1	надоршин
3225	8	1	назвали
3226	8	1	название
3227	8	1	назначено
3228	8	1	наказание
3229	8	1	накопления
3230	8	1	наличии
3231	8	1	налоговым
3232	8	1	намерении
3233	8	1	намерены
3234	8	1	намечено
3235	8	1	напомнил
3236	8	1	настаивает
3237	8	1	настаивают
3238	8	1	научный
3239	8	1	находящихся
3240	8	1	началом
3241	8	1	начался
3242	8	1	началу
3243	8	1	нашим
3244	8	1	немного
3245	8	1	необходим
3246	8	1	необходимостью
3247	8	1	необходимые
3248	8	1	необходимых
3249	8	1	неф
3250	8	1	нефтегазового
3251	8	1	нефтегазовой
3252	8	1	новость
3253	8	1	нормативы
3254	8	1	нормы
3255	8	1	носят
3256	8	1	нью
3257	8	1	обеих
3258	8	1	оборот
3259	8	1	обращались
3260	8	1	обсудить
3261	8	1	обсуждался
3262	8	1	объектов
3263	8	1	ограничены
3264	8	1	ограничивает
3265	8	1	омбудсмен
3266	8	1	ооо
3267	8	1	оператор
3268	8	1	оператора
3269	8	1	оппозиционные
3270	8	1	опрос
3271	8	1	оптимизации
3272	8	1	опубликован
3273	8	1	опыта
3274	8	1	организацию
3275	8	1	оставить
3276	8	1	осуществлять
3277	8	1	ответные
3278	8	1	отдельным
3279	8	1	отзыва
3280	8	1	открыть
3281	8	1	отмене
3282	8	1	отношению
3283	8	1	официального
3284	8	1	официальной
3285	8	1	партию
3286	8	1	передал
3287	8	1	переданы
3288	8	1	петров
3289	8	1	петропавловский
3290	8	1	платежа
3291	8	1	платежной
3292	8	1	платы
3293	8	1	повестки
3294	8	1	погашения
3295	8	1	подразделения
3296	8	1	подряд
3297	8	1	подсчетам
3298	8	1	подтвердила
3299	8	1	подход
3300	8	1	подчеркивает
3301	8	1	позднее
3302	8	1	поздно
3303	8	1	пойти
3304	8	1	показывают
3305	8	1	покупателей
3306	8	1	полномочиями
3307	8	1	получение
3308	8	1	получения
3309	8	1	поможет
3310	8	1	попасть
3311	8	1	попросил
3312	8	1	постановление
3313	8	1	поступления
3314	8	1	потока
3315	8	1	появление
3316	8	1	правоохранительные
3317	8	1	пределах
3318	8	1	предлагать
3319	8	1	предоставлять
3320	8	1	предполагалось
3321	8	1	предположил
3322	8	1	привели
3323	8	1	приводят
3324	8	1	признаны
3325	8	1	примет
3326	8	1	принципе
3327	8	1	приняли
3328	8	1	присоединение
3329	8	1	пришел
3330	8	1	проблемам
3331	8	1	проверок
3332	8	1	продал
3333	8	1	проданы
3334	8	1	продолжить
3335	8	1	продукты
3336	8	1	проектах
3337	8	1	производителей
3338	8	1	пройти
3339	8	1	просьбу
3340	8	1	протокол
3341	8	1	проходили
3342	8	1	проходят
3343	8	1	процент
3344	8	1	проценты
3345	8	1	прошло
3346	8	1	прямого
3347	8	1	пункты
3348	8	1	пургин
3349	8	1	пусть
3350	8	1	развивать
3351	8	1	размещать
3352	8	1	разработке
3353	8	1	разрешения
3354	8	1	разумеется
3355	8	1	распоряжении
3356	8	1	расширить
3357	8	1	раунд
3358	8	1	рахимов
3359	8	1	реального
3360	8	1	резкого
3361	8	1	ремонт
3362	8	1	ремонта
3363	8	1	решили
3364	8	1	розничной
3365	8	1	роухани
3366	8	1	рублей
3367	8	1	самая
3368	8	1	самоуправления
3369	8	1	сведения
3370	8	1	свидетелей
3371	8	1	свидетельствует
3372	8	1	северная
3373	8	1	сегмент
3374	8	1	силами
3375	8	1	силовиков
3376	8	1	сланцевых
3377	8	1	следственные
3378	8	1	сложных
3379	8	1	снижать
3380	8	1	снизились
3381	8	1	совете
3382	8	1	совместного
3383	8	1	согласны
3384	8	1	создаст
3385	8	1	сократился
3386	8	1	сокращать
3387	8	1	сомневается
3388	8	1	сообщала
3389	8	1	соответствующие
3390	8	1	составят
3391	8	1	состоит
3392	8	1	состоится
3393	8	1	сочинском
3394	8	1	спад
3395	8	1	списка
3396	8	1	споров
3397	8	1	способны
3398	8	1	способом
3399	8	1	ссср
3400	8	1	становятся
3401	8	1	статья
3402	8	1	стоимостью
3403	8	1	сторона
3404	8	1	страховые
3405	8	1	судостроительной
3406	8	1	судьба
3407	8	1	судя
3408	8	1	сургутнефтегаз
3409	8	1	сферы
3410	8	1	сформировать
3411	8	1	счетам
3412	8	1	сына
3413	8	1	та
3414	8	1	татьяна
3415	8	1	текущий
3416	8	1	темпами
3417	8	1	темпов
3418	8	1	теоретически
3419	8	1	типа
3420	8	1	титов
3421	8	1	требование
3422	8	1	третьего
3423	8	1	туре
3424	8	1	уведомлений
3425	8	1	увеличивать
3426	8	1	уверены
3427	8	1	увольнения
3428	8	1	уйти
3429	8	1	успешно
3430	8	1	уточнила
3431	8	1	уход
3432	8	1	участвуют
3433	8	1	участок
3434	8	1	факторы
3435	8	1	февраля
3436	8	1	финансировать
3437	8	1	финансовая
3438	8	1	флота
3439	8	1	формирования
3440	8	1	фцп
3441	8	1	ходатайству
3442	8	1	центральный
3443	8	1	четвертый
3444	8	1	чья
3445	8	1	шанс
3446	8	1	шансов
3447	8	1	шапошников
3448	8	1	швейцарии
3449	8	1	южного
3450	8	1	юристы
3451	7	1	and
3452	7	1	brent
3453	7	1	chartered
3454	7	1	deutsche
3455	7	1	en
3456	7	1	financial
3457	7	1	http
3458	7	1	index
3459	7	1	ing
3460	7	1	investment
3461	7	1	rbc
3462	7	1	urals
3463	7	1	wef
3464	7	1	абсолютно
3465	7	1	авиации
3466	7	1	автодор
3467	7	1	авторы
3468	7	1	административной
3469	7	1	административных
3470	7	1	азиатско
3471	7	1	айрапетян
3472	7	1	акт
3473	7	1	алиханова
3474	7	1	американская
3475	7	1	амнистии
3476	7	1	аналитика
3477	7	1	арктике
3478	7	1	балансе
3479	7	1	безусловно
3480	7	1	белом
3481	7	1	бизнесмену
3482	7	1	боевых
3483	7	1	больницы
3484	7	1	большого
3485	7	1	бывшим
3486	7	1	бюджетной
3487	7	1	бюджетные
3488	7	1	василий
3489	7	1	ведут
3490	7	1	ведутся
3491	7	1	верховной
3492	7	1	взаимодействие
3493	7	1	взыскать
3494	7	1	визит
3495	7	1	включить
3496	7	1	вмешательства
3497	7	1	внешнего
3498	7	1	внешним
3499	7	1	вносить
3500	7	1	вовсе
3501	7	1	водители
3502	7	1	военнослужащих
3503	7	1	возглавил
3504	7	1	возможен
3505	7	1	возможное
3506	7	1	возможной
3507	7	1	восток
3508	7	1	восьми
3509	7	1	вплоть
3510	7	1	вспоминает
3511	7	1	встречался
3512	7	1	второе
3513	7	1	выборами
3514	7	1	выиграть
3515	7	1	выйдет
3516	7	1	вынуждена
3517	7	1	выразил
3518	7	1	высказал
3519	7	1	высказался
3520	7	1	высшего
3521	7	1	выходить
3522	7	1	газете
3523	7	1	геннадий
3524	7	1	генсовета
3525	7	1	глубоководных
3526	7	1	голосовании
3527	7	1	гонконгский
3528	7	1	городах
3529	7	1	госбанки
3530	7	1	государств
3531	7	1	государственно
3532	7	1	государственную
3533	7	1	гражданам
3534	7	1	грузов
3535	7	1	губенко
3536	7	1	давосе
3537	7	1	дальнейшее
3538	7	1	дают
3539	7	1	движением
3540	7	1	девальвации
3541	7	1	действиям
3542	7	1	действующие
3543	7	1	денин
3544	7	1	депутатами
3545	7	1	десятков
3546	7	1	дипломат
3547	7	1	добролет
3548	7	1	долговой
3549	7	1	домашним
3550	7	1	доме
3551	7	1	донской
3552	7	1	дополнительный
3553	7	1	допускает
3554	7	1	дороже
3555	7	1	достигла
3556	7	1	достоверность
3557	7	1	думского
3558	7	1	думы
3559	7	1	ебрр
3560	7	1	европейским
3561	7	1	единый
3562	7	1	ежегодно
3563	7	1	желающих
3564	7	1	железнодорожных
3565	7	1	железных
3566	7	1	жизнь
3567	7	1	жители
3568	7	1	жить
3569	7	1	заведомо
3570	7	1	задачи
3571	7	1	заключение
3572	7	1	заключения
3573	7	1	заключил
3574	7	1	законопроекте
3575	7	1	законопроектной
3576	7	1	законопроектом
3577	7	1	закрыть
3578	7	1	замгендиректора
3579	7	1	замечания
3580	7	1	зампредседателя
3581	7	1	запасы
3582	7	1	запланировано
3583	7	1	запретить
3584	7	1	запрещает
3585	7	1	заработать
3586	7	1	зарплату
3587	7	1	зато
3588	7	1	захаров
3589	7	1	захарченко
3590	7	1	захочет
3591	7	1	заявки
3592	7	1	заявок
3593	7	1	здания
3594	7	1	зимой
3595	7	1	значительного
3596	7	1	значительное
3597	7	1	зону
3598	7	1	игроков
3599	7	1	идее
3600	7	1	издание
3601	7	1	издания
3602	7	1	изменении
3603	7	1	имели
3604	7	1	имени
3605	7	1	инвестор
3606	7	1	индекс
3607	7	1	институты
3608	7	1	интересен
3609	7	1	интернет
3610	7	1	иными
3611	7	1	исключают
3612	7	1	исключил
3613	7	1	исключить
3614	7	1	исполнения
3615	7	1	исполнительный
3616	7	1	каждого
3617	7	1	кампаний
3618	7	1	канада
3619	7	1	киеве
3620	7	1	китайские
3621	7	1	клиентам
3622	7	1	ключевую
3623	7	1	коллеги
3624	7	1	колычев
3625	7	1	кольца
3626	7	1	комбинат
3627	7	1	комитетом
3628	7	1	комментируют
3629	7	1	консорциума
3630	7	1	контексте
3631	7	1	коридора
3632	7	1	котировки
3633	7	1	котировок
3634	7	1	кредитные
3635	7	1	крупнейшего
3636	7	1	кудрин
3637	7	1	курсу
3638	7	1	кынев
3639	7	1	лавров
3640	7	1	лайф
3641	7	1	ликвидации
3642	7	1	лицо
3643	7	1	лондонской
3644	7	1	луценко
3645	7	1	лучшим
3646	7	1	лысенко
3647	7	1	максимальный
3648	7	1	маневр
3649	7	1	маркин
3650	7	1	медведевым
3651	7	1	меджлис
3652	7	1	международная
3653	7	1	местные
3654	7	1	месторождению
3655	7	1	металлургическая
3656	7	1	методами
3657	7	1	механизма
3658	7	1	мешает
3659	7	1	министров
3660	7	1	минрегиона
3661	7	1	минфином
3662	7	1	минюста
3663	7	1	мирового
3664	7	1	мировой
3665	7	1	митинг
3666	7	1	моратория
3667	7	1	мосгорсуд
3668	7	1	москвой
3669	7	1	наверное
3670	7	1	названием
3671	7	1	назначение
3672	7	1	называет
3673	7	1	называют
3674	7	1	наличие
3675	7	1	намерена
3676	7	1	намного
3677	7	1	направил
3678	7	1	направлениях
3679	7	1	напряженность
3680	7	1	народного
3681	7	1	нарушениях
3682	7	1	настоящий
3683	7	1	находиться
3684	7	1	национальная
3685	7	1	начались
3686	7	1	начиная
3687	7	1	негативные
3688	7	1	недель
3689	7	1	некоторое
3690	7	1	немало
3691	7	1	неожиданностью
3692	7	1	непросто
3693	7	1	несет
3694	7	1	нефтепродуктов
3695	7	1	низкий
3696	7	1	новороссия
3697	7	1	новыми
3698	7	1	обвинений
3699	7	1	обвиняемого
3700	7	1	обе
3701	7	1	обеспечение
3702	7	1	обеспечивает
3703	7	1	обзоре
3704	7	1	оборонной
3705	7	1	оборота
3706	7	1	обратно
3707	7	1	обсуждается
3708	7	1	обсуждаться
3709	7	1	общаться
3710	7	1	общую
3711	7	1	одобрено
3712	7	1	одобрил
3713	7	1	ожиданий
3714	7	1	ожидания
3715	7	1	ожидают
3716	7	1	оказывает
3717	7	1	опек
3718	7	1	операционных
3719	7	1	оппозицию
3720	7	1	определять
3721	7	1	опцион
3722	7	1	орган
3723	7	1	органа
3724	7	1	органам
3725	7	1	основанием
3726	7	1	основании
3727	7	1	оспорить
3728	7	1	остались
3729	7	1	осуществляться
3730	7	1	отвечая
3731	7	1	отдела
3732	7	1	отклонил
3733	7	1	отменить
3734	7	1	отправить
3735	7	1	отреагировал
3736	7	1	отставке
3737	7	1	оценки
3738	7	1	палата
3739	7	1	параметров
3740	7	1	партнерами
3741	7	1	пенсионеров
3742	7	1	перевозчика
3743	7	1	переносе
3744	7	1	персонал
3745	7	1	песков
3746	7	1	пишут
3747	7	1	планах
3748	7	1	планировала
3749	7	1	плановый
3750	7	1	плотницкий
3751	7	1	плохо
3752	7	1	площадке
3753	7	1	повестка
3754	7	1	погасить
3755	7	1	подать
3756	7	1	подготовку
3757	7	1	подлежат
3758	7	1	подразделений
3759	7	1	поиск
3760	7	1	показать
3761	7	1	покупатели
3762	7	1	полагать
3763	7	1	политикой
3764	7	1	полной
3765	7	1	половину
3766	7	1	положительно
3767	7	1	полуострова
3768	7	1	получали
3769	7	1	польша
3770	7	1	попали
3771	7	1	поручение
3772	7	1	поставками
3773	7	1	поставлять
3774	7	1	поставщиков
3775	7	1	потенциального
3776	7	1	потребовал
3777	7	1	появиться
3778	7	1	пояснительной
3779	7	1	превысит
3780	7	1	предлагали
3781	7	1	предоставление
3782	7	1	председателю
3783	7	1	представление
3784	7	1	презентации
3785	7	1	преодолеть
3786	7	1	преступлений
3787	7	1	преступления
3788	7	1	приватбанка
3789	7	1	признают
3790	7	1	пример
3791	7	1	принципиально
3792	7	1	приняла
3793	7	1	принятии
3794	7	1	принятию
3795	7	1	приняты
3796	7	1	приобрел
3797	7	1	присутствия
3798	7	1	причине
3799	7	1	провели
3800	7	1	проводит
3801	7	1	продовольствия
3802	7	1	проектом
3803	7	1	проекту
3804	7	1	производить
3805	7	1	производству
3806	7	1	произошел
3807	7	1	прокомментировал
3808	7	1	промышленного
3809	7	1	просрочки
3810	7	1	прошлую
3811	7	1	проще
3812	7	1	публичной
3813	7	1	пускового
3814	7	1	разбирательство
3815	7	1	разговор
3816	7	1	различные
3817	7	1	разработку
3818	7	1	районы
3819	7	1	рамки
3820	7	1	рано
3821	7	1	реагирования
3822	7	1	реализацию
3823	7	1	реально
3824	7	1	реальный
3825	7	1	региональный
3826	7	1	регулирование
3827	7	1	результатам
3828	7	1	результатов
3829	7	1	республику
3830	7	1	ресурс
3831	7	1	решении
3832	7	1	решит
3833	7	1	роман
3834	7	1	росздравнадзор
3835	7	1	рубеж
3836	7	1	рублевые
3837	7	1	русский
3838	7	1	ряде
3839	7	1	сазонов
3840	7	1	самих
3841	7	1	самыми
3842	7	1	санкциях
3843	7	1	свидетельствуют
3844	7	1	свободу
3845	7	1	сегменте
3846	7	1	секретаря
3847	7	1	сенатора
3848	7	1	сирии
3849	7	1	следить
3850	7	1	следующие
3851	7	1	слюняев
3852	7	1	смены
3853	7	1	снижает
3854	7	1	снижении
3855	7	1	собственников
3856	7	1	собственным
3857	7	1	собянин
3858	7	1	советских
3859	7	1	совместно
3860	7	1	совместное
3861	7	1	совместных
3862	7	1	согласился
3863	7	1	согласиться
3864	7	1	создала
3865	7	1	сократится
3866	7	1	сомнения
3867	7	1	сообщало
3868	7	1	сообщениями
3869	7	1	сообщество
3870	7	1	сообществом
3871	7	1	соприкосновения
3872	7	1	специалисты
3873	7	1	списки
3874	7	1	стаж
3875	7	1	стандарты
3876	7	1	старшего
3877	7	1	старых
3878	7	1	стратегического
3879	7	1	страхование
3880	7	1	страховки
3881	7	1	субъектов
3882	7	1	судебного
3883	7	1	судебных
3884	7	1	суток
3885	7	1	схема
3886	7	1	схему
3887	7	1	счетах
3888	7	1	текст
3889	7	1	телефону
3890	7	1	темы
3891	7	1	терминала
3892	7	1	технические
3893	7	1	титова
3894	7	1	титул
3895	7	1	тнк
3896	7	1	традиционных
3897	7	1	трансаэро
3898	7	1	транспортной
3899	7	1	требса
3900	7	1	третьих
3901	7	1	труд
3902	7	1	туда
3903	7	1	убытков
3904	7	1	увеличила
3905	7	1	углеводородов
3906	7	1	уж
3907	7	1	украинская
3908	7	1	украинским
3909	7	1	улучшение
3910	7	1	упадет
3911	7	1	урегулировании
3912	7	1	уровней
3913	7	1	уровнях
3914	7	1	уроки
3915	7	1	устанавливать
3916	7	1	устраивает
3917	7	1	утверждают
3918	7	1	утром
3919	7	1	ухода
3920	7	1	участии
3921	7	1	участниками
3922	7	1	учесть
3923	7	1	федеральные
3924	7	1	федеральным
3925	7	1	федеральных
3926	7	1	физлиц
3927	7	1	фильтр
3928	7	1	фирмы
3929	7	1	фондом
3930	7	1	формируется
3931	7	1	фтс
3932	7	1	хватит
3933	7	1	хорошие
3934	7	1	хороший
3935	7	1	царев
3936	7	1	целый
3937	7	1	ценных
3938	7	1	центральной
3939	7	1	цифра
3940	7	1	цска
3941	7	1	частного
3942	7	1	частной
3943	7	1	чехии
3944	7	1	чиновника
3945	7	1	членами
3946	7	1	чтении
3947	7	1	школ
3948	7	1	штраф
3949	7	1	шувалов
3950	7	1	экономистов
3951	7	1	экономическая
3952	7	1	экспобанка
3953	7	1	южный
3954	7	1	юлии
3955	7	1	юлия
3956	7	1	юрия
3957	7	1	яблоко
3958	6	1	bofa
3959	6	1	e
3960	6	1	house
3961	6	1	price
3962	6	1	top
3963	6	1	абсолют
3964	6	1	август
3965	6	1	автоматически
3966	6	1	агентству
3967	6	1	агитацию
3968	6	1	административный
3969	6	1	аеб
3970	6	1	актива
3971	6	1	активность
3972	6	1	алонсо
3973	6	1	альтернативы
3974	6	1	алюминиевой
3975	6	1	амнистию
3976	6	1	аналогичным
3977	6	1	анатолий
3978	6	1	аресте
3979	6	1	арктических
3980	6	1	атака
3981	6	1	бажаева
3982	6	1	база
3983	6	1	банкротстве
3984	6	1	басманный
3985	6	1	башнефтью
3986	6	1	белоруссии
3987	6	1	белорусской
3988	6	1	бизнесмены
3989	6	1	билетов
3990	6	1	биржевой
3991	6	1	биржу
3992	6	1	ближе
3993	6	1	большинством
3994	6	1	буду
3995	6	1	будущего
3996	6	1	буздалин
3997	6	1	быстрее
3998	6	1	бюджеты
3999	6	1	важны
4000	6	1	валюта
4001	6	1	варианте
4002	6	1	введенные
4003	6	1	ввел
4004	6	1	ведомостям
4005	6	1	велиева
4006	6	1	великобритания
4007	6	1	величине
4008	6	1	вернется
4009	6	1	верховного
4010	6	1	видели
4011	6	1	виду
4012	6	1	владельцы
4013	6	1	вложений
4014	6	1	внесении
4015	6	1	внесения
4016	6	1	внесенный
4017	6	1	внесены
4018	6	1	возврата
4019	6	1	возвращать
4020	6	1	воздействия
4021	6	1	возмещение
4022	6	1	возможностью
4023	6	1	возник
4024	6	1	возрасте
4025	6	1	вооружений
4026	6	1	вооруженных
4027	6	1	вопросе
4028	6	1	восстановление
4029	6	1	вроде
4030	6	1	всерьез
4031	6	1	всто
4032	6	1	вторит
4033	6	1	въезд
4034	6	1	вывода
4035	6	1	выглядят
4036	6	1	выдвинуть
4037	6	1	выкупа
4038	6	1	выплата
4039	6	1	выплату
4040	6	1	выплаченных
4041	6	1	выполнения
4042	6	1	выполняет
4043	6	1	высказались
4044	6	1	высокопоставленный
4045	6	1	выступая
4046	6	1	выступили
4047	6	1	гарантий
4048	6	1	геннадия
4049	6	1	годовой
4050	6	1	головной
4051	6	1	голосовать
4052	6	1	город
4053	6	1	госкомпания
4054	6	1	госкорпорации
4055	6	1	госкорпорация
4056	6	1	государственная
4057	6	1	гражданская
4058	6	1	гражданский
4059	6	1	гран
4060	6	1	греф
4061	6	1	григорий
4062	6	1	давности
4063	6	1	данной
4064	6	1	двое
4065	6	1	действиями
4066	6	1	действующего
4067	6	1	действующим
4068	6	1	действующих
4069	6	1	декларации
4070	6	1	депутатом
4071	6	1	депутатских
4072	6	1	депутатской
4073	6	1	дизель
4074	6	1	директором
4075	6	1	добычу
4076	6	1	договоренностей
4077	6	1	долей
4078	6	1	доллару
4079	6	1	дома
4080	6	1	донецк
4081	6	1	допустимых
4082	6	1	дорогу
4083	6	1	достигнет
4084	6	1	дохода
4085	6	1	дочку
4086	6	1	др
4087	6	1	друга
4088	6	1	душанбе
4089	6	1	единого
4090	6	1	ею
4091	6	1	жалоб
4092	6	1	ждут
4093	6	1	жесткой
4094	6	1	живут
4095	6	1	жилье
4096	6	1	зависят
4097	6	1	заводы
4098	6	1	завтра
4099	6	1	загребной
4100	6	1	заемщикам
4101	6	1	займов
4102	6	1	заключить
4103	6	1	законопроектов
4104	6	1	закрытом
4105	6	1	закупки
4106	6	1	заморозки
4107	6	1	замруководителя
4108	6	1	занимают
4109	6	1	заплатив
4110	6	1	запросу
4111	6	1	зарегистрировано
4112	6	1	зарубежные
4113	6	1	заставляет
4114	6	1	знаком
4115	6	1	значительную
4116	6	1	значительных
4117	6	1	зюганова
4118	6	1	известен
4119	6	1	изменилась
4120	6	1	ик
4121	6	1	илья
4122	6	1	имена
4123	6	1	импортных
4124	6	1	имя
4125	6	1	инвестициям
4126	6	1	индексации
4127	6	1	инициатива
4128	6	1	инициировать
4129	6	1	иного
4130	6	1	инфляционных
4131	6	1	инфографику
4132	6	1	иные
4133	6	1	исключение
4134	6	1	исполкома
4135	6	1	используют
4136	6	1	используются
4137	6	1	казахстан
4138	6	1	казахстана
4139	6	1	капиталу
4140	6	1	кг
4141	6	1	кем
4142	6	1	кидяев
4143	6	1	ким
4144	6	1	кипрский
4145	6	1	киринского
4146	6	1	китае
4147	6	1	класса
4148	6	1	клиент
4149	6	1	клювгант
4150	6	1	ключевые
4151	6	1	ключевым
4152	6	1	кодексе
4153	6	1	коллег
4154	6	1	команда
4155	6	1	комитетов
4156	6	1	коммунистов
4157	6	1	комплексы
4158	6	1	компромисса
4159	6	1	кому
4160	6	1	конкурировать
4161	6	1	консолидированных
4162	6	1	контактной
4163	6	1	контролирует
4164	6	1	конфискации
4165	6	1	корпоративные
4166	6	1	коррупцией
4167	6	1	которыми
4168	6	1	коэффициент
4169	6	1	коэффициенты
4170	6	1	красноярском
4171	6	1	края
4172	6	1	кризисом
4173	6	1	крупнейшей
4174	6	1	легкой
4175	6	1	лета
4176	6	1	ликвидностью
4177	6	1	линий
4178	6	1	лицам
4179	6	1	лишения
4180	6	1	логично
4181	6	1	луганском
4182	6	1	любого
4183	6	1	любую
4184	6	1	макропрогноза
4185	6	1	маневра
4186	6	1	марина
4187	6	1	массы
4188	6	1	масштаб
4189	6	1	мвт
4190	6	1	межбанковского
4191	6	1	менеджера
4192	6	1	менеджмента
4193	6	1	месторождение
4194	6	1	месяцы
4195	6	1	металлинвестбанка
4196	6	1	мид
4197	6	1	минувшую
4198	6	1	минус
4199	6	1	мирному
4200	6	1	многочисленные
4201	6	1	молодой
4202	6	1	молодцов
4203	6	1	морской
4204	6	1	мурманской
4205	6	1	мфо
4206	6	1	мяч
4207	6	1	н
4208	6	1	набиуллина
4209	6	1	надежда
4210	6	1	налогоплательщиков
4211	6	1	нарушает
4212	6	1	нарушений
4213	6	1	нарышкин
4214	6	1	население
4215	6	1	национальный
4216	6	1	небольшой
4217	6	1	незаконно
4218	6	1	некое
4219	6	1	неопределенность
4220	6	1	неприкосновенности
4221	6	1	несут
4222	6	1	нижегородской
4223	6	1	низкой
4224	6	1	никакой
4225	6	1	никому
4226	6	1	новатэка
4227	6	1	нрб
4228	6	1	нулевой
4229	6	1	нынешние
4230	6	1	обвиняемых
4231	6	1	обещает
4232	6	1	обороты
4233	6	1	обострения
4234	6	1	образовательных
4235	6	1	обращаться
4236	6	1	обслуживания
4237	6	1	обстановки
4238	6	1	обсуждать
4239	6	1	общее
4240	6	1	объявления
4241	6	1	одобрен
4242	6	1	окажет
4243	6	1	окончательного
4244	6	1	ольги
4245	6	1	опасается
4246	6	1	операционной
4247	6	1	операцию
4248	6	1	ополчения
4249	6	1	оппозиционных
4250	6	1	оппоненты
4251	6	1	определения
4252	6	1	определенный
4253	6	1	опроверг
4254	6	1	опросы
4255	6	1	опубликованном
4256	6	1	опытом
4257	6	1	органами
4258	6	1	организацией
4259	6	1	освободить
4260	6	1	основу
4261	6	1	особые
4262	6	1	оспаривать
4263	6	1	остальное
4264	6	1	остановить
4265	6	1	останутся
4266	6	1	ответить
4267	6	1	отвод
4268	6	1	отдать
4269	6	1	отдельно
4270	6	1	отечественного
4271	6	1	отказалось
4272	6	1	отключение
4273	6	1	открытии
4274	6	1	открытые
4275	6	1	открытых
4276	6	1	отмену
4277	6	1	отнюдь
4278	6	1	оттуда
4279	6	1	отчасти
4280	6	1	официальному
4281	6	1	павла
4282	6	1	параллельно
4283	6	1	парке
4284	6	1	перемены
4285	6	1	перемирия
4286	6	1	перенести
4287	6	1	перенос
4288	6	1	перехода
4289	6	1	перспективу
4290	6	1	петербургского
4291	6	1	писал
4292	6	1	планам
4293	6	1	платонов
4294	6	1	платформ
4295	6	1	платформа
4296	6	1	платят
4297	6	1	пмэф
4298	6	1	победа
4299	6	1	победой
4300	6	1	повлияет
4301	6	1	повод
4302	6	1	повстанцы
4303	6	1	повысил
4304	6	1	повысили
4305	6	1	подал
4306	6	1	подачи
4307	6	1	подразумевает
4308	6	1	подсчитали
4309	6	1	подтвердили
4310	6	1	подтвердить
4311	6	1	позволят
4312	6	1	позитивно
4313	6	1	показала
4314	6	1	показали
4315	6	1	поклонной
4316	6	1	полагаю
4317	6	1	поле
4318	6	1	политиков
4319	6	1	политическом
4320	6	1	полное
4321	6	1	половина
4322	6	1	получал
4323	6	1	получала
4324	6	1	помогает
4325	6	1	понимает
4326	6	1	понимание
4327	6	1	понимаю
4328	6	1	понимают
4329	6	1	популярность
4330	6	1	порога
4331	6	1	порта
4332	6	1	портфеле
4333	6	1	последней
4334	6	1	послужило
4335	6	1	поставках
4336	6	1	поставлена
4337	6	1	поставляет
4338	6	1	поступлений
4339	6	1	потребители
4340	6	1	потребует
4341	6	1	появятся
4342	6	1	пояснили
4343	6	1	правом
4344	6	1	праву
4345	6	1	практика
4346	6	1	предварительно
4347	6	1	предварительного
4348	6	1	предвыборной
4349	6	1	предлагал
4350	6	1	предложен
4351	6	1	предложению
4352	6	1	предложенный
4353	6	1	предоставил
4354	6	1	представителем
4355	6	1	представительство
4356	6	1	представления
4357	6	1	представляет
4358	6	1	представлять
4359	6	1	представляют
4360	6	1	предупреждали
4361	6	1	предусмотрено
4362	6	1	президентской
4363	6	1	президентства
4364	6	1	преследования
4365	6	1	приватизация
4366	6	1	привела
4367	6	1	призвал
4368	6	1	признаки
4369	6	1	принадлежащие
4370	6	1	принести
4371	6	1	присутствии
4372	6	1	приходилось
4373	6	1	причинами
4374	6	1	причинах
4375	6	1	проблемами
4376	6	1	проблемных
4377	6	1	проблемой
4378	6	1	проводил
4379	6	1	прогнозируют
4380	6	1	продажу
4381	6	1	продление
4382	6	1	продлении
4383	6	1	продолжат
4384	6	1	продолжение
4385	6	1	проезд
4386	6	1	произойдет
4387	6	1	произойти
4388	6	1	происходят
4389	6	1	прокурора
4390	6	1	промпроизводства
4391	6	1	пропаганды
4392	6	1	просить
4393	6	1	простой
4394	6	1	пространства
4395	6	1	протестов
4396	6	1	противостояния
4397	6	1	проходит
4398	6	1	процедура
4399	6	1	процедуру
4400	6	1	процентные
4401	6	1	процессов
4402	6	1	пугачева
4403	6	1	пытался
4404	6	1	рабочих
4405	6	1	рада
4406	6	1	радикально
4407	6	1	развитием
4408	6	1	развитии
4409	6	1	размером
4410	6	1	размещению
4411	6	1	разработал
4412	6	1	разрешить
4413	6	1	распоряжения
4414	6	1	расследование
4415	6	1	расчетных
4416	6	1	расширению
4417	6	1	реакции
4418	6	1	реальной
4419	6	1	реверсные
4420	6	1	региональным
4421	6	1	реестр
4422	6	1	режиму
4423	6	1	резервные
4424	6	1	резервных
4425	6	1	результатом
4426	6	1	рейсы
4427	6	1	рейтинга
4428	6	1	ректор
4429	6	1	ресурса
4430	6	1	решен
4431	6	1	рисками
4432	6	1	родственников
4433	6	1	роли
4434	6	1	росли
4435	6	1	роснефтью
4436	6	1	россиянам
4437	6	1	росстата
4438	6	1	рублевых
4439	6	1	руды
4440	6	1	руку
4441	6	1	руслан
4442	6	1	русская
4443	6	1	рынкам
4444	6	1	самолет
4445	6	1	свободных
4446	6	1	связан
4447	6	1	связей
4448	6	1	связного
4449	6	1	связной
4450	6	1	сделали
4451	6	1	сделкам
4452	6	1	сделке
4453	6	1	севастополя
4454	6	1	северстали
4455	6	1	сенатор
4456	6	1	сергеем
4457	6	1	середину
4458	6	1	сертификаты
4459	6	1	сертификации
4460	6	1	сетует
4461	6	1	симферополь
4462	6	1	сказаться
4463	6	1	скоро
4464	6	1	следователей
4465	6	1	следственным
4466	6	1	слово
4467	6	1	сложные
4468	6	1	службу
4469	6	1	снбо
4470	6	1	снизится
4471	6	1	собираются
4472	6	1	соблюдать
4473	6	1	соблюдением
4474	6	1	совместный
4475	6	1	совокупный
4476	6	1	согласования
4477	6	1	создана
4478	6	1	создано
4479	6	1	сообщать
4480	6	1	сооружений
4481	6	1	соответствующих
4482	6	1	сохранении
4483	6	1	социальном
4484	6	1	союз
4485	6	1	специальные
4486	6	1	списков
4487	6	1	спокойно
4488	6	1	сравнивать
4489	6	1	среднесрочной
4490	6	1	средствами
4491	6	1	стабильно
4492	6	1	ставкам
4493	6	1	стажем
4494	6	1	становая
4495	6	1	станций
4496	6	1	старые
4497	6	1	стоить
4498	6	1	страхованию
4499	6	1	страховка
4500	6	1	страхового
4501	6	1	стремится
4502	6	1	строго
4503	6	1	структура
4504	6	1	сумме
4505	6	1	существенному
4506	6	1	схеме
4507	6	1	счетной
4508	6	1	считая
4509	6	1	сын
4510	6	1	такими
4511	6	1	текущие
4512	6	1	тему
4513	6	1	тени
4514	6	1	территория
4515	6	1	технический
4516	6	1	титула
4517	6	1	товара
4518	6	1	толоконский
4519	6	1	топливо
4520	6	1	трансферта
4521	6	1	трассы
4522	6	1	требуется
4523	6	1	тур
4524	6	1	тура
4525	6	1	тут
4526	6	1	тысяч
4527	6	1	тэпк
4528	6	1	увеличением
4529	6	1	увеличится
4530	6	1	уголовной
4531	6	1	уголовному
4532	6	1	уголь
4533	6	1	угрозы
4534	6	1	удивительно
4535	6	1	удобрений
4536	6	1	ужесточения
4537	6	1	украинскому
4538	6	1	укрепление
4539	6	1	упал
4540	6	1	урал
4541	6	1	уралсиба
4542	6	1	усилий
4543	6	1	условиям
4544	6	1	условно
4545	6	1	установление
4546	6	1	установленный
4547	6	1	установок
4548	6	1	участника
4549	6	1	участникам
4550	6	1	фадеева
4551	6	1	факторов
4552	6	1	фг
4553	6	1	федор
4554	6	1	фиксированной
4555	6	1	финанс
4556	6	1	финансовое
4557	6	1	фомс
4558	6	1	фонду
4559	6	1	формате
4560	6	1	фунта
4561	6	1	хотим
4562	6	1	хоть
4563	6	1	хэмилтона
4564	6	1	целях
4565	6	1	центризбиркома
4566	6	1	центробанк
4567	6	1	цепляева
4568	6	1	цитирует
4569	6	1	числом
4570	6	1	чистая
4571	6	1	членства
4572	6	1	шотландии
4573	6	1	экономическую
4574	6	1	эксперта
4575	6	1	эффективно
4576	6	1	юдаева
4577	6	1	язык
4578	6	1	ярослав
4579	6	1	ясно
4580	5	1	a
4581	5	1	advice
4582	5	1	alltech
4583	5	1	blp
4584	5	1	call
4585	5	1	corp
4586	5	1	frank
4587	5	1	gov
4588	5	1	jsw
4589	5	1	knight
4590	5	1	limited
4591	5	1	ltd
4592	5	1	margin
4593	5	1	marshall
4594	5	1	moscow
4595	5	1	paragon
4596	5	1	shkulev
4597	5	1	shtml
4598	5	1	south
4599	5	1	stream
4600	5	1	sual
4601	5	1	times
4602	5	1	ubs
4603	5	1	williams
4604	5	1	абсолютном
4605	5	1	абсолютных
4606	5	1	автомобили
4607	5	1	административные
4608	5	1	азиатских
4609	5	1	аксенов
4610	5	1	активам
4611	5	1	активные
4612	5	1	активом
4613	5	1	альтернативных
4614	5	1	альтернативу
4615	5	1	американский
4616	5	1	американского
4617	5	1	аналогичные
4618	5	1	анна
4619	5	1	анонимности
4620	5	1	апрель
4621	5	1	аргументы
4622	5	1	арестованы
4623	5	1	аэропорт
4624	5	1	аэропортов
4625	5	1	бажаев
4626	5	1	баллотироваться
4627	5	1	балтийский
4628	5	1	бама
4629	5	1	батькивщина
4630	5	1	батькивщины
4631	5	1	башкортостан
4632	5	1	белоруссия
4633	5	1	бензин
4634	5	1	берегу
4635	5	1	беседе
4636	5	1	блаватника
4637	5	1	ближайший
4638	5	1	близко
4639	5	1	богатейших
4640	5	1	боевиков
4641	5	1	боломатов
4642	5	1	брокер
4643	5	1	брюсселе
4644	5	1	будзуляк
4645	5	1	будущий
4646	5	1	булатов
4647	5	1	бумагам
4648	5	1	бумагу
4649	5	1	бурматова
4650	5	1	бывших
4651	5	1	бюджетом
4652	5	1	важных
4653	5	1	валютными
4654	5	1	введен
4655	5	1	введению
4656	5	1	введенных
4657	5	1	вводит
4658	5	1	ведении
4659	5	1	ведомств
4660	5	1	ведомствам
4661	5	1	вексельберг
4662	5	1	вероятным
4663	5	1	верфи
4664	5	1	верхней
4665	5	1	взаимных
4666	5	1	взыскания
4667	5	1	виды
4668	5	1	видят
4669	5	1	виновным
4670	5	1	виноградов
4671	5	1	владивосток
4672	5	1	влияют
4673	5	1	вложения
4674	5	1	вмешивается
4675	5	1	вне
4676	5	1	внешней
4677	5	1	внутреннем
4678	5	1	внутренний
4679	5	1	внутренним
4680	5	1	воду
4681	5	1	воды
4682	5	1	воевать
4683	5	1	военную
4684	5	1	возвращение
4685	5	1	возглавить
4686	5	1	воздуха
4687	5	1	возможны
4688	5	1	возникают
4689	5	1	возникла
4690	5	1	возникнет
4691	5	1	войдут
4692	5	1	волатильности
4693	5	1	вправе
4694	5	1	врачей
4695	5	1	временно
4696	5	1	временной
4697	5	1	всемирный
4698	5	1	встанет
4699	5	1	встречались
4700	5	1	второму
4701	5	1	выгодно
4702	5	1	выдаче
4703	5	1	выделения
4704	5	1	выплате
4705	5	1	выплатил
4706	5	1	выполнение
4707	5	1	выполняют
4708	5	1	вырасти
4709	5	1	выручки
4710	5	1	выступать
4711	5	1	выходные
4712	5	1	выяснилось
4713	5	1	газовая
4714	5	1	газовой
4715	5	1	газпроме
4716	5	1	газпромом
4717	5	1	гайдара
4718	5	1	генерал
4719	5	1	генерального
4720	5	1	геополитические
4721	5	1	герман
4722	5	1	главная
4723	5	1	главные
4724	5	1	гок
4725	5	1	голубев
4726	5	1	гонки
4727	5	1	госслужбе
4728	5	1	государстве
4729	5	1	грузии
4730	5	1	груп
4731	5	1	гтс
4732	5	1	давосского
4733	5	1	далее
4734	5	1	дальневосточного
4735	5	1	данилов
4736	5	1	дворкович
4737	5	1	девять
4738	5	1	демин
4739	5	1	демонстрация
4740	5	1	денежные
4741	5	1	деньгин
4742	5	1	депутатскую
4743	5	1	деталей
4744	5	1	диверсификации
4745	5	1	длинных
4746	5	1	дмитрием
4747	5	1	добиваться
4748	5	1	доверие
4749	5	1	договоренностями
4750	5	1	доказательства
4751	5	1	докапитализация
4752	5	1	долгам
4753	5	1	долгосрочных
4754	5	1	должностных
4755	5	1	донбассу
4756	5	1	донинвест
4757	5	1	дорого
4758	5	1	дочек
4759	5	1	дочка
4760	5	1	дочке
4761	5	1	едва
4762	5	1	железнодорожные
4763	5	1	журналистов
4764	5	1	заверил
4765	5	1	заводов
4766	5	1	заем
4767	5	1	заемный
4768	5	1	заемщик
4769	5	1	заимствованиям
4770	5	1	заинтересован
4771	5	1	заинтересована
4772	5	1	заключает
4773	5	1	заключению
4774	5	1	заключила
4775	5	1	законов
4776	5	1	законодательство
4777	5	1	закредитованности
4778	5	1	закрыт
4779	5	1	заменить
4780	5	1	заместителей
4781	5	1	заморожены
4782	5	1	заморозить
4783	5	1	замсекретаря
4784	5	1	заниженной
4785	5	1	западном
4786	5	1	западный
4787	5	1	западным
4788	5	1	заполярье
4789	5	1	запретил
4790	5	1	запретом
4791	5	1	запрещен
4792	5	1	запрещенных
4793	5	1	запуска
4794	5	1	запуске
4795	5	1	заставили
4796	5	1	захотят
4797	5	1	заявить
4798	5	1	заявлений
4799	5	1	заявлению
4800	5	1	зеленых
4801	5	1	земельных
4802	5	1	знакомые
4803	5	1	значения
4804	5	1	значительные
4805	5	1	значится
4806	5	1	золота
4807	5	1	зона
4808	5	1	зотова
4809	5	1	избиратели
4810	5	1	избирательного
4811	5	1	избирательные
4812	5	1	изменит
4813	5	1	изместьев
4814	5	1	ильюшин
4815	5	1	имеющих
4816	5	1	импорте
4817	5	1	импортозамещение
4818	5	1	импортозамещения
4819	5	1	инвестбанка
4820	5	1	инвестирования
4821	5	1	инвестиционных
4822	5	1	институтов
4823	5	1	инструментов
4824	5	1	интереса
4825	5	1	интересны
4826	5	1	интернете
4827	5	1	инфраструктурных
4828	5	1	иным
4829	5	1	иных
4830	5	1	иске
4831	5	1	использовано
4832	5	1	использованы
4833	5	1	испытывают
4834	5	1	исследования
4835	5	1	исторически
4836	5	1	кабинета
4837	5	1	каждой
4838	5	1	казалось
4839	5	1	каналы
4840	5	1	каникулах
4841	5	1	капиталов
4842	5	1	капиталом
4843	5	1	карьеру
4844	5	1	кипра
4845	5	1	кластера
4846	5	1	ключевая
4847	5	1	ключевого
4848	5	1	колоссальный
4849	5	1	команду
4850	5	1	комментарии
4851	5	1	коммерческих
4852	5	1	коммунист
4853	5	1	коммуниста
4854	5	1	конвенции
4855	5	1	конгресса
4856	5	1	конденсата
4857	5	1	конкретном
4858	5	1	конкурентов
4859	5	1	конкуренция
4860	5	1	конкурсной
4861	5	1	консорциум
4862	5	1	конституции
4863	5	1	контракты
4864	5	1	контролировать
4865	5	1	контролю
4866	5	1	конфликту
4867	5	1	концепции
4868	5	1	корзине
4869	5	1	корпоративными
4870	5	1	корпуса
4871	5	1	коррупционных
4872	5	1	корсчета
4873	5	1	коснутся
4874	5	1	красноярского
4875	5	1	краткосрочной
4876	5	1	кредитную
4877	5	1	крест
4878	5	1	критической
4879	5	1	кругу
4880	5	1	крымско
4881	5	1	крюков
4882	5	1	курсе
4883	5	1	лебедева
4884	5	1	левада
4885	5	1	легитимность
4886	5	1	легче
4887	5	1	летних
4888	5	1	лимит
4889	5	1	личных
4890	5	1	лишен
4891	5	1	лишились
4892	5	1	лоукостера
4893	5	1	луганска
4894	5	1	лучших
4895	5	1	льготы
4896	5	1	любая
4897	5	1	любых
4898	5	1	магии
4899	5	1	май
4900	5	1	мандат
4901	5	1	марок
4902	5	1	машовец
4903	5	1	медицинского
4904	5	1	мельконьянц
4905	5	1	меморандума
4906	5	1	меньшей
4907	5	1	местной
4908	5	1	местным
4909	5	1	металлургический
4910	5	1	метельский
4911	5	1	методов
4912	5	1	метрополитена
4913	5	1	миллиардера
4914	5	1	миллионов
4915	5	1	минимально
4916	5	1	минимальной
4917	5	1	минимальный
4918	5	1	минимума
4919	5	1	министерстве
4920	5	1	министру
4921	5	1	минкрыма
4922	5	1	минтруд
4923	5	1	минтруда
4924	5	1	мировым
4925	5	1	мировых
4926	5	1	миссии
4927	5	1	младший
4928	5	1	модернизацию
4929	5	1	моей
4930	5	1	мой
4931	5	1	мок
4932	5	1	мониторинга
4933	5	1	монополий
4934	5	1	монополия
4935	5	1	мосгоризбиркома
4936	5	1	московских
4937	5	1	мощностей
4938	5	1	мощности
4939	5	1	муниципалитетов
4940	5	1	муниципального
4941	5	1	наблюдательный
4942	5	1	надеемся
4943	5	1	надеется
4944	5	1	надеюсь
4945	5	1	назначении
4946	5	1	называть
4947	5	1	накопительная
4948	5	1	наличной
4949	5	1	налоговыми
4950	5	1	намерение
4951	5	1	написали
4952	5	1	направлений
4953	5	1	направлениям
4954	5	1	наращивания
4955	5	1	наращивать
4956	5	1	настаивать
4957	5	1	настолько
4958	5	1	находящиеся
4959	5	1	национальных
4960	5	1	началось
4961	5	1	наше
4962	5	1	нашего
4963	5	1	неверов
4964	5	1	невзлин
4965	5	1	негативного
4966	5	1	негативную
4967	5	1	недовольство
4968	5	1	недоступен
4969	5	1	недр
4970	5	1	нежелание
4971	5	1	независимой
4972	5	1	незначительно
4973	5	1	нейтралитет
4974	5	1	некоторым
4975	5	1	необходимого
4976	5	1	необходимы
4977	5	1	нерыночных
4978	5	1	несколькими
4979	5	1	нефтепродукты
4980	5	1	неясно
4981	5	1	нижней
4982	5	1	низкие
4983	5	1	низким
4984	5	1	николая
4985	5	1	нитки
4986	5	1	ничто
4987	5	1	норм
4988	5	1	норма
4989	5	1	ночь
4990	5	1	нп
4991	5	1	нравится
4992	5	1	нсп
4993	5	1	ну
4994	5	1	нужен
4995	5	1	обещал
4996	5	1	обещают
4997	5	1	обоих
4998	5	1	оборудование
4999	5	1	обратил
5000	5	1	обратного
5001	5	1	обращает
5002	5	1	обращался
5003	5	1	обслуживать
5004	5	1	обстоятельств
5005	5	1	обстоятельства
5006	5	1	обсуждалось
5007	5	1	обсуждают
5008	5	1	обусловлен
5009	5	1	общественная
5010	5	1	объединить
5011	5	1	объему
5012	5	1	объявлен
5013	5	1	объявлены
5014	5	1	объяснили
5015	5	1	обыски
5016	5	1	обязанностей
5017	5	1	обязательно
5018	5	1	обязательной
5019	5	1	обязательном
5020	5	1	обязательствами
5021	5	1	обязать
5022	5	1	ограничен
5023	5	1	одежды
5024	5	1	одномандатным
5025	5	1	одобрение
5026	5	1	одобрения
5027	5	1	одобрила
5028	5	1	озабоченность
5029	5	1	округам
5030	5	1	округов
5031	5	1	опасаются
5032	5	1	опасения
5033	5	1	опасность
5034	5	1	операционные
5035	5	1	ополченцами
5036	5	1	определенно
5037	5	1	опроса
5038	5	1	оптимизация
5039	5	1	опубликованы
5040	5	1	опытные
5041	5	1	организаторов
5042	5	1	организациями
5043	5	1	оружия
5044	5	1	освободили
5045	5	1	оставляет
5046	5	1	остатки
5047	5	1	остаться
5048	5	1	осуществляет
5049	5	1	осуществляется
5050	5	1	отвечает
5051	5	1	отвечал
5052	5	1	отзыв
5053	5	1	отзыве
5054	5	1	отказа
5055	5	1	отказе
5056	5	1	отказываться
5057	5	1	отрасль
5058	5	1	отставку
5059	5	1	отсутствия
5060	5	1	отчет
5061	5	1	офиса
5062	5	1	официальная
5063	5	1	официальным
5064	5	1	охраны
5065	5	1	оценивается
5066	5	1	оценивают
5067	5	1	оцениваются
5068	5	1	очереди
5069	5	1	падению
5070	5	1	парламентских
5071	5	1	парнас
5072	5	1	партнерам
5073	5	1	пассивы
5074	5	1	пекине
5075	5	1	передали
5076	5	1	передачей
5077	5	1	перейти
5078	5	1	печора
5079	5	1	печоры
5080	5	1	пирамид
5081	5	1	писала
5082	5	1	писали
5083	5	1	планируют
5084	5	1	планом
5085	5	1	платеж
5086	5	1	платежных
5087	5	1	платит
5088	5	1	плату
5089	5	1	площади
5090	5	1	победителя
5091	5	1	повестке
5092	5	1	повестку
5093	5	1	повлечет
5094	5	1	поворот
5095	5	1	повышением
5096	5	1	погашение
5097	5	1	подавляющее
5098	5	1	подвижной
5099	5	1	подготовила
5100	5	1	подготовка
5101	5	1	подгузов
5102	5	1	поддержала
5103	5	1	подсчитал
5104	5	1	поздняков
5105	5	1	показал
5106	5	1	покинул
5107	5	1	покинуть
5108	5	1	покупают
5109	5	1	полеты
5110	5	1	политическими
5111	5	1	полищук
5112	5	1	полную
5113	5	1	полный
5114	5	1	положении
5115	5	1	полученного
5116	5	1	пользуются
5117	5	1	помещении
5118	5	1	помогли
5119	5	1	попадают
5120	5	1	попытка
5121	5	1	посетить
5122	5	1	последнем
5123	5	1	последует
5124	5	1	поступило
5125	5	1	потенциала
5126	5	1	потенциальный
5127	5	1	потерял
5128	5	1	потребителя
5129	5	1	потребления
5130	5	1	потребности
5131	5	1	потребовать
5132	5	1	пошлин
5133	5	1	появилось
5134	5	1	праве
5135	5	1	правильно
5136	5	1	правительственной
5137	5	1	правонарушениях
5138	5	1	практику
5139	5	1	превысить
5140	5	1	превышать
5141	5	1	преддверии
5142	5	1	предлагаемые
5143	5	1	предоставит
5144	5	1	предположение
5145	5	1	предпочитают
5146	5	1	представляли
5147	5	1	предупредил
5148	5	1	предупреждал
5149	5	1	предупреждают
5150	5	1	предупреждение
5151	5	1	предъявлено
5152	5	1	предыдущие
5153	5	1	предыдущих
5154	5	1	президенты
5155	5	1	преимущество
5156	5	1	прекратил
5157	5	1	премьером
5158	5	1	премьеру
5159	5	1	преследование
5160	5	1	претендентов
5161	5	1	претендовать
5162	5	1	приватбанк
5163	5	1	привлечение
5164	5	1	привлечением
5165	5	1	привыкли
5166	5	1	приговор
5167	5	1	придерживается
5168	5	1	прием
5169	5	1	призвана
5170	5	1	приказ
5171	5	1	применения
5172	5	1	принимают
5173	5	1	принимаются
5174	5	1	принципы
5175	5	1	принятые
5176	5	1	приобрела
5177	5	1	приобретения
5178	5	1	природного
5179	5	1	присутствовали
5180	5	1	прихода
5181	5	1	причитается
5182	5	1	проблемах
5183	5	1	проведет
5184	5	1	проверка
5185	5	1	проверять
5186	5	1	проводились
5187	5	1	прогнозам
5188	5	1	прогнозирования
5189	5	1	прогнозом
5190	5	1	проголосовать
5191	5	1	программ
5192	5	1	продано
5193	5	1	продовольственных
5194	5	1	продолжают
5195	5	1	продукцию
5196	5	1	пройдут
5197	5	1	прокуратуре
5198	5	1	прокурор
5199	5	1	промсвязьбанка
5200	5	1	проработать
5201	5	1	просроченной
5202	5	1	протесты
5203	5	1	противном
5204	5	1	профильного
5205	5	1	проходить
5206	5	1	прохождения
5207	5	1	процентной
5208	5	1	прошлых
5209	5	1	прямой
5210	5	1	прямые
5211	5	1	пурпе
5212	5	1	пятой
5213	5	1	пятый
5214	5	1	работой
5215	5	1	равнялся
5216	5	1	развивается
5217	5	1	разин
5218	5	1	различных
5219	5	1	разногласия
5220	5	1	разработать
5221	5	1	ран
5222	5	1	распоряжению
5223	5	1	распространить
5224	5	1	рассматривалась
5225	5	1	рассматриваться
5226	5	1	рассматриваются
5227	5	1	реагировать
5228	5	1	реагирует
5229	5	1	реализация
5230	5	1	реальную
5231	5	1	реверсными
5232	5	1	регионами
5233	5	1	регулировать
5234	5	1	регулярно
5235	5	1	редактор
5236	5	1	резерва
5237	5	1	рекорд
5238	5	1	референдума
5239	5	1	рефинансировать
5240	5	1	реформе
5241	5	1	реформу
5242	5	1	решила
5243	5	1	розничным
5244	5	1	росс
5245	5	1	россельхозбанка
5246	5	1	ростеха
5247	5	1	рпр
5248	5	1	рубежа
5249	5	1	рублю
5250	5	1	руднев
5251	5	1	руки
5252	5	1	савельев
5253	5	1	самарской
5254	5	1	самовыдвиженцев
5255	5	1	самому
5256	5	1	санации
5257	5	1	санкциям
5258	5	1	сахалина
5259	5	1	сахалинской
5260	5	1	сбербанку
5261	5	1	сбросов
5262	5	1	своему
5263	5	1	связывают
5264	5	1	связь
5265	5	1	северной
5266	5	1	северо
5267	5	1	сектору
5268	5	1	серьезной
5269	5	1	сеть
5270	5	1	сирийский
5271	5	1	скорби
5272	5	1	следующей
5273	5	1	слов
5274	5	1	словами
5275	5	1	сложилась
5276	5	1	сложнее
5277	5	1	сложной
5278	5	1	случаев
5279	5	1	случилось
5280	5	1	сможем
5281	5	1	снижаться
5282	5	1	собственность
5283	5	1	совкомбанка
5284	5	1	согласование
5285	5	1	содержание
5286	5	1	содержится
5287	5	1	создан
5288	5	1	создают
5289	5	1	сознательно
5290	5	1	сократила
5291	5	1	сократилось
5292	5	1	сокращении
5293	5	1	солдат
5294	5	1	сообщение
5295	5	1	сообщению
5296	5	1	сообщества
5297	5	1	соотношение
5298	5	1	сопротивления
5299	5	1	сосредоточиться
5300	5	1	составляло
5301	5	1	составляющая
5302	5	1	состояния
5303	5	1	сохраняет
5304	5	1	социальной
5305	5	1	социальный
5306	5	1	спискам
5307	5	1	способность
5308	5	1	способы
5309	5	1	средней
5310	5	1	стабилизации
5311	5	1	стабильности
5312	5	1	стажа
5313	5	1	стандарт
5314	5	1	статей
5315	5	1	столице
5316	5	1	сторонам
5317	5	1	сторонники
5318	5	1	стражу
5319	5	1	странице
5320	5	1	странно
5321	5	1	стратегических
5322	5	1	страховании
5323	5	1	стресс
5324	5	1	стригино
5325	5	1	строительстве
5326	5	1	строится
5327	5	1	структурами
5328	5	1	структурные
5329	5	1	судами
5330	5	1	судах
5331	5	1	судебный
5332	5	1	судоремонтного
5333	5	1	судьбу
5334	5	1	существенная
5335	5	1	существенную
5336	5	1	существенные
5337	5	1	существенный
5338	5	1	существуют
5339	5	1	существующих
5340	5	1	сферу
5341	5	1	сформулировать
5342	5	1	счетная
5343	5	1	счету
5344	5	1	считаем
5345	5	1	считали
5346	5	1	считался
5347	5	1	сырья
5348	5	1	такова
5349	5	1	такому
5350	5	1	такси
5351	5	1	текущая
5352	5	1	телеканал
5353	5	1	телеканалу
5354	5	1	теме
5355	5	1	тенденции
5356	5	1	тенденцию
5357	5	1	тенденция
5358	5	1	территориальной
5359	5	1	территориальных
5360	5	1	территориях
5361	5	1	тик
5362	5	1	тихоокеанского
5363	5	1	траст
5364	5	1	трат
5365	5	1	требовать
5366	5	1	тренд
5367	5	1	трети
5368	5	1	третья
5369	5	1	трехсторонней
5370	5	1	трудности
5371	5	1	турция
5372	5	1	тысячи
5373	5	1	тяжелой
5374	5	1	увеличении
5375	5	1	увеличивает
5376	5	1	увеличилась
5377	5	1	увеличился
5378	5	1	уголовно
5379	5	1	уголовном
5380	5	1	удавалось
5381	5	1	удорожание
5382	5	1	ужесточение
5383	5	1	узнал
5384	5	1	уйдет
5385	5	1	указали
5386	5	1	указывается
5387	5	1	украинскими
5388	5	1	укрепления
5389	5	1	университета
5390	5	1	уплате
5391	5	1	упоминается
5392	5	1	управлению
5393	5	1	управлять
5394	5	1	уралкалия
5395	5	1	уставного
5396	5	1	устанавливает
5397	5	1	уступки
5398	5	1	уточнили
5399	5	1	уходит
5400	5	1	участвовавший
5401	5	1	участвовал
5402	5	1	участвовали
5403	5	1	участвует
5404	5	1	участке
5405	5	1	учитывать
5406	5	1	учитывают
5407	5	1	уэльсе
5408	5	1	фактах
5409	5	1	финансисты
5410	5	1	флот
5411	5	1	фондами
5412	5	1	фондирование
5413	5	1	формат
5414	5	1	формировании
5415	5	1	формирований
5416	5	1	формулировки
5417	5	1	формы
5418	5	1	форум
5419	5	1	фосагро
5420	5	1	франция
5421	5	1	французской
5422	5	1	фронт
5423	5	1	фррн
5424	5	1	фсс
5425	5	1	хабаровском
5426	5	1	хамитов
5427	5	1	хищении
5428	5	1	хозяйства
5429	5	1	хозяйство
5430	5	1	хэмилтон
5431	5	1	целей
5432	5	1	ценах
5433	5	1	церкви
5434	5	1	цэа
5435	5	1	частный
5436	5	1	частным
5437	5	1	частью
5438	5	1	чемпионов
5439	5	1	чему
5440	5	1	числах
5441	5	1	шагом
5442	5	1	шельфа
5443	5	1	шельфовых
5444	5	1	шли
5445	5	1	шло
5446	5	1	штат
5447	5	1	эдуард
5448	5	1	экономразвития
5449	5	1	эльгинскому
5450	5	1	энерго
5451	5	1	энтузиазма
5452	5	1	эскалация
5453	5	1	юридического
5454	5	1	явки
5455	5	1	языка
5456	5	1	якунина
5457	5	1	якутия
5458	5	1	японию
5459	5	1	японских
5460	5	1	японского
5461	5	1	ярмольника
